91
-0.1386446
0.007281593
0
0
0
0
-0.01804899
-0.4680551
0
0
0
0
0.3399192
-0.1814408
0
0
0
0
-0.2513937
-0.1293233
0
0
0
0
-0.2897756
-0.1100735
0.3651642
-0.1756718
-0.2737449
-0.4061199
-0.3907184
-0.02187917
-0.4060422
-0.4593651
-0.3971671
0.4709722
0.2383263
-0.1170081
-0.02378446
0.09862632
0.2271681
0.07317489
0.04048695
-0.4839112
-0.1947644
0.02935356
0.3969114
0.4247242
-0.04901486
0.4222043
0.1713236
0.1638342
-0.3591082
-0.1956148
0.2145014
-0.401542
-0.1386446
0.007281593
0
0
0
0
-0.01804899
-0.4680551
0
0
0
0
0.3399192
-0.1814408
0
0
0
0
-0.2513937
-0.1293233
0
0
0
0
-0.2897756
-0.1100735
0.3651642
-0.1756718
-0.2737449
-0.4061199
-0.3907184
-0.02187917
-0.4060422
-0.4593651
-0.3971671
0.4709722
0.2383263
-0.1170081
-0.02378446
0.09862632
0.2271681
0.07317489
0.04048695
-0.4839112
-0.1947644
0.02935356
0.3969114
0.4247242
-0.04901486
0.4222043
0.1713236
0.1638342
-0.3591082
-0.1956148
0.2145014
-0.401542
-0.1386446
0.007281593
0
0
0
0
-0.01804899
-0.4680551
0
0
0
0
0.3399192
-0.1814408
0
0
0
0
-0.2513937
-0.1293233
0
0
0
0
-0.2897756
-0.1100735
0.3651642
-0.1756718
-0.2737449
-0.4061199
-0.3907184
-0.02187917
-0.4060422
-0.4593651
-0.3971671
0.4709722
0.2383263
-0.1170081
-0.02378446
0.09862632
0.2271681
0.07317489
0.04048695
-0.4839112
-0.1947644
0.02935356
0.3969114
0.4247242
-0.04901486
0.4222043
0.1713236
0.1638342
-0.3591082
-0.1956148
0.2145014
-0.401542
-0.1386446
0.007281593
0
0
0
0
-0.01804899
-0.4680551
0
0
0
0
0.3399192
-0.1814408
0
0
0
0
-0.2513937
-0.1293233
0
0
0
0
-0.2897756
-0.1100735
0.3651642
-0.1756718
-0.2737449
-0.4061199
-0.3907184
-0.02187917
-0.4060422
-0.4593651
-0.3971671
0.4709722
0.2383263
-0.1170081
-0.02378446
0.09862632
0.2271681
0.07317489
0.04048695
-0.4839112
-0.1947644
0.02935356
0.3969114
0.4247242
-0.04901486
0.4222043
0.1713236
0.1638342
-0.3591082
-0.1956148
0.2145014
-0.401542
-0.1386446
0.007281593
0
0
0
0
-0.01804899
-0.4680551
0
0
0
0
0.3399192
-0.1814408
0
0
0
0
-0.2513937
-0.1293233
0
0
0
0
-0.2897756
-0.1100735
0.3651642
-0.1756718
-0.2737449
-0.4061199
-0.3907184
-0.02187917
-0.4060422
-0.4593651
-0.3971671
0.4709722
0.2383263
-0.1170081
-0.02378446
0.09862632
0.2271681
0.07317489
0.04048695
-0.4839112
-0.1947644
0.02935356
0.3969114
0.4247242
-0.04901486
0.4222043
0.1713236
0.1638342
-0.3591082
-0.1956148
0.2145014
-0.401542
-0.1386446
0.007281593
0
0
0
0
-0.01804899
-0.4680551
0
0
0
0
0.3399192
-0.1814408
0
0
0
0
-0.2513937
-0.1293233
0
0
0
0
-0.2897756
-0.1100735
0.3651642
-0.1756718
-0.2737449
-0.4061199
-0.3907184
-0.02187917
-0.4060422
-0.4593651
-0.3971671
0.4709722
0.2383263
-0.1170081
-0.02378446
0.09862632
0.2271681
0.07317489
0.04048695
-0.4839112
-0.1947644
0.02935356
0.3969114
0.4247242
-0.04901486
0.4222043
0.1713236
0.1638342
-0.3591082
-0.1956148
0.2145014
-0.401542
-0.1386446
0.007281593
0
0
0
0
-0.01804899
-0.4680551
0
0
0
0
0.3399192
-0.1814408
0
0
0
0
-0.2513937
-0.1293233
0
0
0
0
-0.2897756
-0.1100735
0.3651642
-0.1756718
-0.2737449
-0.4061199
-0.3907184
-0.02187917
-0.4060422
-0.4593651
-0.3971671
0.4709722
0.2383263
-0.1170081
-0.02378446
0.09862632
0.2271681
0.07317489
0.04048695
-0.4839112
-0.1947644
0.02935356
0.3969114
0.4247242
-0.04901486
0.4222043
0.1713236
0.1638342
-0.3591082
-0.1956148
0.2145014
-0.401542
-0.1386446
0.007281593
0
0
0
0
-0.01804899
-0.4680551
0
0
0
0
0.3399192
-0.1814408
0
0
0
0
-0.2513937
-0.1293233
0
0
0
0
-0.2897756
-0.1100735
0.3651642
-0.1756718
-0.2737449
-0.4061199
-0.3907184
-0.02187917
-0.4060422
-0.4593651
-0.3971671
0.4709722
0.2383263
-0.1170081
-0.02378446
0.09862632
0.2271681
0.07317489
0.04048695
-0.4839112
-0.1947644
0.02935356
0.3969114
0.4247242
-0.04901486
0.4222043
0.1713236
0.1638342
-0.3591082
-0.1956148
0.2145014
-0.401542
-0.1386446
0.007281593
0
0
0
0
-0.01804899
-0.4680551
0
0
0
0
0.3399192
-0.1814408
0
0
0
0
-0.2513937
-0.1293233
0
0
0
0
-0.2897756
-0.1100735
0.3651642
-0.1756718
-0.2737449
-0.4061199
-0.3907184
-0.02187917
-0.4060422
-0.4593651
-0.3971671
0.4709722
0.2383263
-0.1170081
-0.02378446
0.09862632
0.2271681
0.07317489
0.04048695
-0.4839112
-0.1947644
0.02935356
0.3969114
0.4247242
-0.04901486
0.4222043
0.1713236
0.1638342
-0.3591082
-0.1956148
0.2145014
-0.401542
-0.1386446
0.007281593
0
0
0
0
-0.01804899
-0.4680551
0
0
0
0
0.3399192
-0.1814408
0
0
0
0
-0.2513937
-0.1293233
0
0
0
0
-0.2897756
-0.1100735
0.3651642
-0.1756718
-0.2737449
-0.4061199
-0.3907184
-0.02187917
-0.4060422
-0.4593651
-0.3971671
0.4709722
0.2383263
-0.1170081
-0.02378446
0.09862632
0.2271681
0.07317489
0.04048695
-0.4839112
-0.1947644
0.02935356
0.3969114
0.4247242
-0.04901486
0.4222043
0.1713236
0.1638342
-0.3591082
-0.1956148
0.2145014
-0.401542
-0.1386446
0.007281593
0
0
0
0
-0.01804899
-0.4680551
0
0
0
0
0.3399192
-0.1814408
0
0
0
0
-0.2513937
-0.1293233
0
0
0
0
-0.2897756
-0.1100735
0.3651642
-0.1756718
-0.2737449
-0.4061199
-0.3907184
-0.02187917
-0.4060422
-0.4593651
-0.3971671
0.4709722
0.2383263
-0.1170081
-0.02378446
0.09862632
0.2271681
0.07317489
0.04048695
-0.4839112
-0.1947644
0.02935356
0.3969114
0.4247242
-0.04901486
0.4222043
0.1713236
0.1638342
-0.3591082
-0.1956148
0.2145014
-0.401542
-0.1386446
0.007281593
0
0
0
0
-0.01804899
-0.4680551
0
0
0
0
0.3399192
-0.1814408
0
0
0
0
-0.2513937
-0.1293233
0
0
0
0
-0.2897756
-0.1100735
0.3651642
-0.1756718
-0.2737449
-0.4061199
-0.3907184
-0.02187917
-0.4060422
-0.4593651
-0.3971671
0.4709722
0.2383263
-0.1170081
-0.02378446
0.09862632
0.2271681
0.07317489
0.04048695
-0.4839112
-0.1947644
0.02935356
0.3969114
0.4247242
-0.04901486
0.4222043
0.1713236
0.1638342
-0.3591082
-0.1956148
0.2145014
-0.401542
-0.1386446
0.007281593
0
0
0
0
-0.01804899
-0.4680551
0
0
0
0
0.3399192
-0.1814408
0
0
0
0
-0.2513937
-0.1293233
0
0
0
0
-0.2897756
-0.1100735
0.3651642
-0.1756718
-0.2737449
-0.4061199
-0.3907184
-0.02187917
-0.4060422
-0.4593651
-0.3971671
0.4709722
0.2383263
-0.1170081
-0.02378446
0.09862632
0.2271681
0.07317489
0.04048695
-0.4839112
-0.1947644
0.02935356
0.3969114
0.4247242
-0.04901486
0.4222043
0.1713236
0.1638342
-0.3591082
-0.1956148
0.2145014
-0.401542
-0.1386446
0.007281593
0
0
0
0
-0.01804899
-0.4680551
0
0
0
0
0.3399192
-0.1814408
0
0
0
0
-0.2513937
-0.1293233
0
0
0
0
-0.2897756
-0.1100735
0.3651642
-0.1756718
-0.2737449
-0.4061199
-0.3907184
-0.02187917
-0.4060422
-0.4593651
-0.3971671
0.4709722
0.2383263
-0.1170081
-0.02378446
0.09862632
0.2271681
0.07317489
0.04048695
-0.4839112
-0.1947644
0.02935356
0.3969114
0.4247242
-0.04901486
0.4222043
0.1713236
0.1638342
-0.3591082
-0.1956148
0.2145014
-0.401542
-0.1386446
0.007281593
0
0
0
0
-0.01804899
-0.4680551
0
0
0
0
0.3399192
-0.1814408
0
0
0
0
-0.2513937
-0.1293233
0
0
0
0
-0.2897756
-0.1100735
0.3651642
-0.1756718
-0.2737449
-0.4061199
-0.3907184
-0.02187917
-0.4060422
-0.4593651
-0.3971671
0.4709722
0.2383263
-0.1170081
-0.02378446
0.09862632
0.2271681
0.07317489
0.04048695
-0.4839112
-0.1947644
0.02935356
0.3969114
0.4247242
-0.04901486
0.4222043
0.1713236
0.1638342
-0.3591082
-0.1956148
0.2145014
-0.401542
-0.1386446
0.007281593
0
0
0
0
-0.01804899
-0.4680551
0
0
0
0
0.3399192
-0.1814408
0
0
0
0
-0.2513937
-0.1293233
0
0
0
0
-0.2897756
-0.1100735
0.3651642
-0.1756718
-0.2737449
-0.4061199
-0.3907184
-0.02187917
-0.4060422
-0.4593651
-0.3971671
0.4709722
0.2383263
-0.1170081
-0.02378446
0.09862632
0.2271681
0.07317489
0.04048695
-0.4839112
-0.1947644
0.02935356
0.3969114
0.4247242
-0.04901486
0.4222043
0.1713236
0.1638342
-0.3591082
-0.1956148
0.2145014
-0.401542
-0.1386446
0.007281593
0
0
0
0
-0.01804899
-0.4680551
0
0
0
0
0.3399192
-0.1814408
0
0
0
0
-0.2513937
-0.1293233
0
0
0
0
-0.2897756
-0.1100735
0.3651642
-0.1756718
-0.2737449
-0.4061199
-0.3907184
-0.02187917
-0.4060422
-0.4593651
-0.3971671
0.4709722
0.2383263
-0.1170081
-0.02378446
0.09862632
0.2271681
0.07317489
0.04048695
-0.4839112
-0.1947644
0.02935356
0.3969114
0.4247242
-0.04901486
0.4222043
0.1713236
0.1638342
-0.3591082
-0.1956148
0.2145014
-0.401542
-0.1386446
0.007281593
0
0
0
0
-0.01804899
-0.4680551
0
0
0
0
0.3399192
-0.1814408
0
0
0
0
-0.2513937
-0.1293233
0
0
0
0
-0.2897756
-0.1100735
0.3651642
-0.1756718
-0.2737449
-0.4061199
-0.3907184
-0.02187917
-0.4060422
-0.4593651
-0.3971671
0.4709722
0.2383263
-0.1170081
-0.02378446
0.09862632
0.2271681
0.07317489
0.04048695
-0.4839112
-0.1947644
0.02935356
0.3969114
0.4247242
-0.04901486
0.4222043
0.1713236
0.1638342
-0.3591082
-0.1956148
0.2145014
-0.401542
-0.1386446
0.007281593
0
0
0
0
-0.01804899
-0.4680551
0
0
0
0
0.3399192
-0.1814408
0
0
0
0
-0.2513937
-0.1293233
0
0
0
0
-0.2897756
-0.1100735
0.3651642
-0.1756718
-0.2737449
-0.4061199
-0.3907184
-0.02187917
-0.4060422
-0.4593651
-0.3971671
0.4709722
0.2383263
-0.1170081
-0.02378446
0.09862632
0.2271681
0.07317489
0.04048695
-0.4839112
-0.1947644
0.02935356
0.3969114
0.4247242
-0.04901486
0.4222043
0.1713236
0.1638342
-0.3591082
-0.1956148
0.2145014
-0.401542
-0.1386446
0.007281593
0
0
0
0
-0.01804899
-0.4680551
0
0
0
0
0.3399192
-0.1814408
0
0
0
0
-0.2513937
-0.1293233
0
0
0
0
-0.2897756
-0.1100735
0.3651642
-0.1756718
-0.2737449
-0.4061199
-0.3907184
-0.02187917
-0.4060422
-0.4593651
-0.3971671
0.4709722
0.2383263
-0.1170081
-0.02378446
0.09862632
0.2271681
0.07317489
0.04048695
-0.4839112
-0.1947644
0.02935356
0.3969114
0.4247242
-0.04901486
0.4222043
0.1713236
0.1638342
-0.3591082
-0.1956148
0.2145014
-0.401542
