29
0.4458637
-0.4042822
0
0
0
0
0.007339418
-0.2839268
0
0
0
0
-0.06177396
0.4441091
0
0
0
0
0.3480717
-0.3101523
0
0
0
0
-0.4905493
0.3632053
0.07294875
-0.2872714
-0.1811043
-0.2367256
-0.06230944
-0.03958923
-0.154311
-0.3675451
-0.02253658
-0.05738555
-0.07999927
-0.1505088
-0.1396399
-0.3786236
-0.2300321
0.1631815
-0.1070266
-0.2737039
0.4982855
-0.07552892
0.3055074
-0.4046582
-0.204776
0.4265825
0.3619202
0.2756181
0.4411905
-0.440115
0.04945785
-0.1208138
0.4458637
-0.4042822
0
0
0
0
0.007339418
-0.2839268
0
0
0
0
-0.06177396
0.4441091
0
0
0
0
0.3480717
-0.3101523
0
0
0
0
-0.4905493
0.3632053
0.07294875
-0.2872714
-0.1811043
-0.2367256
-0.06230944
-0.03958923
-0.154311
-0.3675451
-0.02253658
-0.05738555
-0.07999927
-0.1505088
-0.1396399
-0.3786236
-0.2300321
0.1631815
-0.1070266
-0.2737039
0.4982855
-0.07552892
0.3055074
-0.4046582
-0.204776
0.4265825
0.3619202
0.2756181
0.4411905
-0.440115
0.04945785
-0.1208138
0.4458637
-0.4042822
0
0
0
0
0.007339418
-0.2839268
0
0
0
0
-0.06177396
0.4441091
0
0
0
0
0.3480717
-0.3101523
0
0
0
0
-0.4905493
0.3632053
0.07294875
-0.2872714
-0.1811043
-0.2367256
-0.06230944
-0.03958923
-0.154311
-0.3675451
-0.02253658
-0.05738555
-0.07999927
-0.1505088
-0.1396399
-0.3786236
-0.2300321
0.1631815
-0.1070266
-0.2737039
0.4982855
-0.07552892
0.3055074
-0.4046582
-0.204776
0.4265825
0.3619202
0.2756181
0.4411905
-0.440115
0.04945785
-0.1208138
0.4458637
-0.4042822
0
0
0
0
0.007339418
-0.2839268
0
0
0
0
-0.06177396
0.4441091
0
0
0
0
0.3480717
-0.3101523
0
0
0
0
-0.4905493
0.3632053
0.07294875
-0.2872714
-0.1811043
-0.2367256
-0.06230944
-0.03958923
-0.154311
-0.3675451
-0.02253658
-0.05738555
-0.07999927
-0.1505088
-0.1396399
-0.3786236
-0.2300321
0.1631815
-0.1070266
-0.2737039
0.4982855
-0.07552892
-0.3055074
-0.4046582
-0.204776
0.4265825
0.3619202
0.2756181
0.4411905
-0.440115
0.04945785
-0.1208138
0.4458637
-0.313153
0
0
0
0
0.007339418
-0.2031259
0
0
0
0
-0.06177396
-0.4441091
0
0
0
0
0.3480717
-0.4563248
0
0
0
0
-0.4905493
0.3632053
0.07294875
-0.2872714
-0.1811043
-0.2367256
-0.06230944
-0.03958923
-0.154311
-0.3675451
-0.02253658
-0.05738555
-0.07999927
-0.04569179
-0.1396399
-0.5663404
-0.2300321
0.1631815
-0.1070266
-0.2737039
0.4982855
-0.07552892
0.3055074
-0.2025104
-0.204776
0.4265825
0.3619202
0.2756181
0.4411905
-0.440115
0.04945785
-0.1208138
0.4458637
-0.313153
0
0
0
0
0.007339418
-0.2031259
0
0
0
0
-0.06177396
-0.4441091
0
0
0
0
0.3480717
-0.4563248
0
0
0
0
-0.4905493
0.3632053
0.07294875
-0.2872714
-0.1811043
-0.2367256
-0.06230944
-0.03958923
-0.154311
-0.3675451
-0.02253658
-0.05738555
-0.07999927
-0.04569179
-0.1396399
-0.5663404
-0.2300321
0.1631815
-0.1070266
-0.2737039
0.4982855
-0.07552892
0.3055074
-0.2025104
-0.204776
0.4265825
0.3619202
0.2756181
0.4411905
-0.440115
0.04945785
-0.1208138
0.4458637
-0.313153
0
0
0
0
0.007339418
-0.2031259
0
0
0
0
-0.06177396
-0.4441091
0
0
0
0
0.3480717
-0.4563248
0
0
0
0
-0.4905493
0.3632053
0.07294875
-0.2872714
-0.1811043
-0.2367256
-0.06230944
-0.03958923
-0.154311
-0.3675451
-0.02253658
-0.05738555
-0.07999927
-0.04569179
-0.1396399
-0.5663404
-0.2300321
0.1631815
-0.1070266
-0.2737039
0.4982855
-0.07552892
0.3055074
-0.2025104
-0.204776
0.4265825
0.3619202
0.2756181
0.4411905
-0.440115
0.04945785
-0.1208138
0.4458637
-0.313153
0
0
0
0
0.007339418
-0.2031259
0
0
0
0
-0.06177396
-0.4441091
0
0
0
0
0.3480717
-0.4563248
0
0
0
0
-0.4905493
0.3632053
0.07294875
-0.2872714
-0.1811043
-0.2367256
-0.06230944
-0.03958923
-0.154311
-0.3675451
-0.02253658
-0.05738555
-0.07999927
-0.04569179
-0.1396399
-0.5663404
-0.2300321
0.1631815
-0.1070266
-0.2737039
0.4982855
-0.07552892
0.3055074
-0.2025104
-0.204776
0.4265825
0.3619202
0.2756181
0.4411905
-0.440115
0.04945785
-0.1208138
0.4458637
-0.313153
0
0
0
0
0.007339418
-0.2839268
0
0
0
0
-0.06177396
0.4441091
0
0
0
0
0.3480717
-0.4563248
0
0
0
0
-0.4905493
0.3632053
0.07294875
-0.2872714
-0.1811043
-0.2367256
-0.06230944
-0.03958923
-0.154311
-0.3675451
-0.02253658
-0.391886
-0.07999927
-0.1505088
-0.1396399
-0.3786236
-0.2300321
0.1631815
-0.04293308
-0.2737039
0.1408461
-0.07552892
0.3055074
-0.2025104
-0.204776
0.4265825
0.3619202
0.2756181
0.4411905
-0.440115
0.04945785
-0.1208138
0.4458637
-0.313153
0
0
0
0
0.007339418
-0.2031259
0
0
0
0
-0.06177396
-0.4441091
0
0
0
0
0.3480717
-0.4563248
0
0
0
0
-0.4905493
0.3632053
0.07294875
-0.2872714
-0.1811043
-0.2367256
-0.06230944
-0.03958923
-0.154311
-0.3675451
-0.02253658
-0.391886
-0.07999927
-0.1505088
-0.1396399
-0.3786236
-0.2300321
0.1631815
0.1144513
-0.2737039
0.4982855
-0.07552892
0.3055074
-0.2025104
-0.204776
0.4265825
0.3619202
0.2756181
0.4411905
-0.440115
0.04945785
-0.1208138
0.4458637
-0.313153
0
0
0
0
0.007339418
-0.2839268
0
0
0
0
-0.06177396
0.4441091
0
0
0
0
0.3480717
-0.4563248
0
0
0
0
-0.4905493
0.3632053
0.07294875
-0.2872714
-0.1811043
-0.2367256
-0.06230944
-0.03958923
-0.154311
-0.3675451
-0.02253658
-0.391886
-0.07999927
-0.1505088
-0.1396399
-0.3786236
-0.2300321
0.1631815
-0.04293308
-0.2737039
0.4982855
-0.07552892
0.3055074
-0.2025104
-0.204776
0.4265825
0.3619202
0.2756181
0.4411905
-0.440115
0.04945785
-0.1208138
0.4458637
-0.313153
0
0
0
0
0.007339418
-0.2031259
0
0
0
0
-0.06177396
-0.4441091
0
0
0
0
0.3480717
-0.4563248
0
0
0
0
-0.4905493
-0.3632053
0.07294875
-0.2872714
-0.1811043
-0.2367256
-0.06230944
-0.03958923
-0.154311
-0.3675451
-0.02253658
-0.391886
-0.07999927
-0.1505088
-0.1396399
-0.3786236
-0.2300321
0.1631815
0.1144513
-0.2737039
0.4982855
-0.07552892
0.3055074
-0.2025104
-0.204776
0.4265825
0.3619202
0.2756181
0.4411905
-0.440115
0.04945785
-0.1208138
0.4458637
-0.313153
0
0
0
0
0.007339418
-0.2031259
0
0
0
0
-0.06177396
-0.4441091
0
0
0
0
0.3480717
-0.4563248
0
0
0
0
-0.4905493
0.3632053
0.07294875
-0.2872714
-0.1811043
-0.2367256
-0.06230944
-0.03958923
-0.154311
-0.3675451
-0.02253658
-0.05738555
-0.07999927
-0.1505088
-0.1396399
-0.3786236
-0.2300321
0.1631815
-0.04293308
-0.2737039
0.4982855
-0.07552892
0.3055074
-0.3902126
-0.204776
0.4265825
0.3619202
0.2756181
0.4411905
-0.440115
0.03776067
-0.1208138
0.4458637
-0.313153
0
0
0
0
0.007339418
-0.2031259
0
0
0
0
-0.06177396
-0.4441091
0
0
0
0
0.3480717
-0.4563248
0
0
0
0
-0.4905493
0.3632053
0.07294875
-0.2872714
-0.1811043
-0.2367256
-0.06230944
-0.03958923
-0.154311
-0.3675451
-0.02253658
-0.391886
-0.07999927
-0.1505088
-0.1396399
-0.3786236
-0.2300321
0.1631815
-0.04293308
-0.2737039
0.4982855
-0.07552892
0.3055074
-0.2025104
-0.204776
0.4265825
0.3619202
0.2756181
0.4411905
-0.440115
0.03776067
-0.1208138
0.4458637
-0.313153
0
0
0
0
0.007339418
-0.2031259
0
0
0
0
-0.06177396
-0.4441091
0
0
0
0
0.3480717
-0.4563248
0
0
0
0
-0.4905493
0.3632053
0.07294875
-0.2872714
-0.1811043
-0.2367256
-0.06230944
-0.03958923
-0.154311
-0.3675451
-0.02253658
-0.05738555
-0.07999927
-0.1505088
-0.1396399
-0.3786236
-0.2300321
0.1631815
-0.04293308
-0.2737039
0.4982855
-0.07552892
0.3055074
-0.2025104
-0.204776
0.4265825
0.3619202
0.2756181
0.4411905
-0.440115
0.03776067
-0.1208138
0.4458637
-0.313153
0
0
0
0
0.007339418
-0.2031259
0
0
0
0
-0.06177396
-0.4441091
0
0
0
0
0.3480717
-0.4563248
0
0
0
0
-0.4905493
0.3632053
0.07294875
-0.2872714
-0.1811043
-0.2367256
-0.06230944
-0.03958923
-0.154311
-0.3675451
-0.02253658
-0.391886
-0.07999927
-0.1505088
-0.1396399
-0.3786236
-0.2300321
0.1631815
-0.04293308
-0.2737039
0.4982855
-0.07552892
0.3055074
-0.2025104
-0.204776
0.4265825
0.3619202
0.2756181
0.4411905
-0.440115
0.03776067
-0.1208138
0.4458637
0.313153
0
0
0
0
0.007339418
-0.2031259
0
0
0
0
-0.06177396
-0.4441091
0
0
0
0
0.3480717
-0.4563248
0
0
0
0
-0.4905493
0.3632053
0.07294875
-0.2872714
-0.1811043
-0.2367256
-0.06230944
-0.03958923
-0.154311
-0.3675451
-0.02253658
-0.05738555
-0.07999927
-0.1505088
-0.1396399
-0.3786236
-0.2300321
0.1631815
0.1144513
-0.2737039
0.4982855
-0.07552892
0.3055074
-0.2025104
-0.204776
0.4265825
0.3619202
0.2756181
0.4411905
-0.440115
0.04945785
-0.1208138
0.4458637
0.313153
0
0
0
0
0.007339418
-0.2031259
0
0
0
0
-0.06177396
-0.4441091
0
0
0
0
0.3464053
-0.4563248
0
0
0
0
-0.4905493
0.3632053
0.07294875
-0.2872714
-0.1811043
-0.2367256
-0.06230944
-0.03958923
-0.154311
-0.3675451
-0.02253658
-0.391886
-0.07999927
-0.1505088
-0.1396399
-0.3786236
-0.2300321
0.1631815
0.1144513
-0.2737039
0.4982855
-0.07552892
0.3055074
-0.2025104
-0.204776
0.4265825
0.3619202
0.2756181
0.4411905
-0.440115
0.04945785
-0.1208138
0.4458637
0.313153
0
0
0
0
0.007339418
-0.2031259
0
0
0
0
-0.06177396
-0.4441091
0
0
0
0
0.3480717
-0.4563248
0
0
0
0
-0.4905493
0.3632053
0.07294875
-0.2872714
-0.1811043
-0.2367256
-0.06230944
-0.03958923
-0.154311
-0.3675451
-0.02253658
-0.391886
-0.07999927
-0.1505088
-0.1396399
-0.3786236
-0.2300321
0.1631815
0.1144513
-0.2737039
0.4982855
-0.07552892
0.3055074
-0.2025104
-0.204776
0.4265825
0.3619202
0.2756181
0.4411905
-0.440115
0.04945785
-0.1208138
0.4458637
0.313153
0
0
0
0
0.007339418
-0.2031259
0
0
0
0
-0.06177396
-0.4441091
0
0
0
0
0.3464053
-0.4563248
0
0
0
0
-0.4905493
0.3632053
0.07294875
-0.2872714
-0.1811043
-0.2367256
-0.06230944
-0.03958923
-0.154311
-0.3675451
-0.02253658
-0.05738555
-0.07999927
-0.1505088
-0.1396399
-0.3786236
-0.2300321
0.1631815
0.1144513
-0.2737039
0.4982855
-0.07552892
0.3055074
-0.2025104
-0.204776
0.4265825
0.3619202
0.2756181
0.4411905
-0.440115
0.04945785
-0.1208138
