19
-0.109071
-0.3399942
0
0
0
0
-0.05842096
-0.06987613
0
0
0
0
-0.4469186
-0.003900826
0
0
0
0
-0.0187853
-0.4027746
0
0
0
0
0.4813497
0.3047147
-0.2484968
-0.1050652
0.2260572
-0.3812603
-0.144091
-0.3119427
-0.2442995
-0.246914
0.002516687
-0.07195836
0.2756817
0.1860295
-0.4379272
-0.1693606
0.01470166
-0.089266
0.4797781
-0.0300346
0.08146566
-0.4443561
0.4631791
-0.255922
-0.4814962
0.2857727
0.3781257
-0.4910808
-0.1902561
-0.2975744
-0.2336821
0.395875
-0.109071
-0.3399942
0
0
0
0
-0.05842096
-0.06987613
0
0
0
0
-0.4469186
-0.003900826
0
0
0
0
-0.0187853
-0.4027746
0
0
0
0
0.4813497
0.3047147
-0.2484968
-0.1050652
0.2260572
-0.3812603
-0.144091
-0.3119427
-0.2442995
-0.246914
0.002516687
-0.07195836
0.2756817
0.1860295
-0.4379272
-0.1693606
0.01470166
-0.089266
0.4797781
-0.0300346
0.08146566
-0.4443561
0.4631791
-0.255922
-0.4814962
0.2857727
0.3781257
-0.4910808
-0.1902561
-0.2975744
-0.2336821
0.395875
-0.109071
-0.3399942
0
0
0
0
-0.05842096
-0.06987613
0
0
0
0
-0.4469186
-0.003900826
0
0
0
0
-0.0187853
-0.4027746
0
0
0
0
0.4813497
0.3047147
-0.2484968
-0.1050652
0.2260572
-0.3812603
-0.144091
-0.3119427
-0.2442995
-0.246914
0.002516687
-0.07195836
0.2756817
0.1860295
-0.4379272
-0.1693606
0.01470166
-0.089266
0.4797781
-0.0300346
0.08146566
-0.4443561
0.4631791
-0.255922
-0.4814962
0.2857727
0.3781257
-0.4910808
-0.1902561
-0.2975744
-0.2336821
0.395875
-0.109071
-0.3399942
0
0
0
0
-0.05842096
-0.06987613
0
0
0
0
-0.4469186
-0.003900826
0
0
0
0
-0.0187853
-0.4027746
0
0
0
0
0.4813497
0.3047147
-0.2484968
-0.1050652
0.2260572
-0.3812603
-0.144091
-0.3119427
-0.2442995
-0.246914
0.002516687
-0.07195836
0.2756817
0.1860295
-0.4379272
-0.1693606
0.01470166
-0.089266
0.4797781
-0.0300346
0.08146566
-0.4443561
0.4631791
-0.255922
-0.4814962
0.2857727
0.3781257
-0.4910808
-0.1902561
-0.2975744
-0.2336821
0.395875
-0.109071
-0.3399942
0
0
0
0
-0.05842096
-0.04206161
0
0
0
0
-0.4469186
-0.003900826
0
0
0
0
-0.0187853
-0.4027746
0
0
0
0
0.4813497
0.3047147
-0.2484968
-0.1050652
0.2260572
-0.3812603
-0.144091
-0.3119427
-0.2442995
-0.246914
0.002516687
-0.07195836
0.2756817
0.1860295
-0.4379272
-0.1693606
0.01470166
-0.089266
0.4797781
-0.0300346
0.08146566
-0.4443561
0.4631791
-0.255922
-0.4814962
0.2857727
0.3781257
-0.4910808
0.08106488
-0.2975744
-0.2336821
0.395875
-0.109071
-0.3399942
0
0
0
0
-0.05842096
-0.06987613
0
0
0
0
-0.4469186
-0.003900826
0
0
0
0
-0.0187853
-0.2833574
0
0
0
0
0.4813497
0.3047147
-0.2484968
-0.1050652
0.2260572
-0.3812603
-0.144091
-0.3119427
-0.2442995
-0.246914
0.002516687
-0.07195836
-0.1761643
0.1860295
-0.4379272
-0.1693606
0.01470166
-0.089266
0.4797781
-0.0300346
0.08146566
-0.4443561
0.4631791
-0.255922
-0.4814962
0.2857727
0.3781257
-0.4910808
-0.1902561
-0.2975744
-0.2336821
0.395875
-0.109071
-0.3399942
0
0
0
0
-0.05842096
-0.04206161
0
0
0
0
-0.4469186
-0.003900826
0
0
0
0
-0.0187853
-0.4027746
0
0
0
0
0.4813497
0.3047147
-0.2484968
-0.1050652
0.2260572
-0.3812603
-0.144091
-0.3119427
-0.2442995
-0.246914
0.002516687
-0.07195836
0.2756817
0.1860295
-0.4379272
-0.1693606
0.01470166
-0.089266
0.4797781
-0.0300346
0.08146566
-0.4443561
0.4631791
-0.255922
-0.4814962
0.2857727
0.3781257
-0.4910808
0.08106488
-0.2975744
-0.2336821
0.395875
-0.109071
-0.3399942
0
0
0
0
-0.05842096
-0.06987613
0
0
0
0
-0.4469186
-0.003900826
0
0
0
0
-0.0187853
-0.4027746
0
0
0
0
0.4813497
0.3047147
-0.2484968
-0.1050652
0.2260572
-0.3812603
-0.144091
-0.3119427
-0.2442995
-0.246914
0.002516687
-0.07195836
0.2756817
0.1860295
-0.4379272
-0.1693606
0.01470166
-0.089266
0.4797781
-0.0300346
0.08146566
-0.4443561
0.4631791
-0.255922
-0.4814962
0.2857727
0.3781257
-0.4910808
-0.1902561
-0.2975744
-0.2336821
0.395875
-0.109071
-0.3399942
0
0
0
0
-0.05842096
-0.06987613
0
0
0
0
-0.4469186
-0.006350663
0
0
0
0
-0.0187853
-0.4027746
0
0
0
0
0.4813497
0.3047147
-0.2484968
-0.1050652
0.2260572
-0.3812603
-0.144091
-0.3119427
-0.2442995
-0.246914
0.002516687
-0.07195836
0.2756817
0.1860295
-0.4379272
-0.1693606
0.01470166
-0.089266
0.4797781
-0.0300346
0.08146566
-0.4443561
0.4631791
-0.255922
-0.4814962
0.2857727
0.3781257
-0.4910808
-0.1902561
-0.2975744
-0.2336821
0.395875
-0.109071
-0.3399942
0
0
0
0
-0.05842096
-0.06987613
0
0
0
0
-0.4469186
-0.006350663
0
0
0
0
-0.0187853
-0.4027746
0
0
0
0
0.4813497
0.3047147
-0.2484968
-0.1050652
0.2260572
-0.3812603
-0.144091
-0.3119427
-0.2442995
-0.246914
0.002516687
-0.07195836
0.2756817
0.1860295
-0.4379272
-0.1693606
0.01470166
-0.089266
0.4797781
-0.0300346
0.08146566
-0.4443561
0.4631791
-0.255922
-0.4814962
0.2857727
0.3781257
-0.4910808
-0.1902561
-0.2975744
-0.2336821
0.395875
-0.109071
-0.3399942
0
0
0
0
-0.05842096
-0.06987613
0
0
0
0
-0.4469186
-0.006350663
0
0
0
0
-0.0187853
-0.4027746
0
0
0
0
0.3351441
0.3047147
-0.2484968
-0.1050652
0.2260572
-0.3812603
-0.144091
-0.3119427
-0.2442995
-0.246914
0.002516687
-0.07195836
0.2756817
0.1860295
-0.4379272
-0.1693606
0.01470166
-0.089266
0.4797781
-0.0300346
0.08146566
-0.4443561
0.4631791
-0.255922
-0.4814962
0.2857727
0.3781257
-0.4910808
-0.1902561
-0.2975744
-0.2336821
0.395875
-0.109071
-0.3399942
0
0
0
0
-0.05842096
-0.06987613
0
0
0
0
-0.4469186
-0.006350663
0
0
0
0
-0.0187853
-0.4027746
0
0
0
0
0.4813497
0.3047147
-0.2484968
-0.1050652
0.2260572
-0.3812603
-0.144091
-0.3119427
-0.2442995
-0.246914
0.002516687
-0.07195836
0.2756817
0.1860295
-0.4379272
-0.1693606
0.01470166
-0.089266
0.4797781
-0.0300346
0.08146566
-0.4443561
0.4631791
-0.255922
-0.4814962
0.2857727
0.3781257
-0.4910808
-0.1902561
-0.2975744
-0.2336821
0.395875
-0.109071
-0.3399942
0
0
0
0
-0.05842096
-0.06987613
0
0
0
0
-0.4469186
-0.003900826
0
0
0
0
-0.0187853
-0.4027746
0
0
0
0
0.4813497
0.3047147
-0.2484968
-0.09713914
0.2260572
-0.3812603
-0.144091
-0.3119427
-0.2442995
-0.246914
0.002516687
-0.07195836
0.2756817
0.1860295
-0.4379272
-0.1693606
0.01470166
-0.089266
0.4797781
-0.0300346
0.08146566
-0.4443561
0.4631791
-0.255922
-0.4814962
0.2857727
0.3781257
-0.4910808
-0.1902561
-0.2975744
-0.2336821
0.395875
-0.109071
-0.3399942
0
0
0
0
-0.05842096
-0.04206161
0
0
0
0
-0.4469186
-0.003900826
0
0
0
0
-0.0187853
-0.4027746
0
0
0
0
0.4813497
0.3047147
-0.2484968
-0.1050652
0.2260572
-0.3812603
-0.144091
-0.3119427
-0.2442995
-0.246914
0.002516687
-0.07195836
0.2756817
0.1860295
-0.4379272
-0.1693606
0.01470166
-0.089266
0.4797781
-0.0300346
0.08146566
-0.4443561
0.4631791
-0.255922
-0.4814962
0.2857727
0.3781257
-0.4910808
-0.1902561
-0.2975744
-0.2336821
0.395875
-0.109071
-0.3399942
0
0
0
0
-0.05842096
-0.06987613
0
0
0
0
-0.4469186
-0.003900826
0
0
0
0
-0.0187853
-0.4027746
0
0
0
0
0.4813497
0.3047147
-0.2484968
-0.1050652
0.2260572
-0.3812603
-0.144091
-0.3119427
-0.2442995
-0.246914
0.002516687
-0.07195836
0.2756817
0.1860295
-0.4379272
-0.1693606
0.01470166
-0.089266
0.4797781
-0.0300346
0.08146566
-0.4443561
0.4631791
-0.255922
-0.4814962
0.2857727
0.3781257
-0.4910808
-0.1902561
-0.2975744
-0.2336821
0.395875
-0.109071
-0.3399942
0
0
0
0
-0.05842096
-0.04206161
0
0
0
0
-0.4469186
-0.003900826
0
0
0
0
-0.0187853
-0.4027746
0
0
0
0
0.4813497
0.3047147
-0.2484968
-0.09713914
0.2260572
-0.3812603
-0.144091
-0.3119427
-0.2442995
-0.246914
0.002516687
-0.07195836
0.2756817
0.1860295
-0.4379272
-0.1693606
0.01470166
-0.089266
0.4797781
-0.0300346
0.08146566
-0.4443561
0.4631791
-0.255922
-0.4814962
0.2857727
0.3781257
-0.4910808
-0.1902561
-0.2975744
-0.2336821
0.395875
-0.109071
-0.3399942
0
0
0
0
-0.05842096
-0.04206161
0
0
0
0
-0.4469186
-0.003900826
0
0
0
0
-0.0187853
-0.4027746
0
0
0
0
0.4813497
0.3047147
-0.2484968
-0.3993909
0.2260572
-0.3812603
-0.144091
-0.3119427
-0.2442995
-0.246914
0.002516687
-0.07195836
0.2756817
0.1860295
-0.4379272
-0.1693606
0.01470166
-0.089266
0.4797781
-0.0300346
-0.3165953
-0.4443561
0.4631791
-0.255922
-0.4814962
0.2857727
0.3781257
-0.4910808
-0.1902561
-0.2975744
-0.2336821
0.395875
-0.109071
-0.3399942
0
0
0
0
-0.05842096
-0.04206161
0
0
0
0
-0.4469186
-0.003900826
0
0
0
0
-0.0187853
-0.4027746
0
0
0
0
0.4813497
0.3047147
-0.2484968
-0.1050652
0.2260572
0.02318352
-0.144091
-0.3119427
-0.2442995
-0.246914
0.002516687
-0.07195836
0.2756817
0.1860295
-0.4379272
-0.1693606
0.01470166
-0.089266
0.4797781
-0.0300346
0.08146566
-0.4443561
0.4631791
-0.255922
-0.4814962
0.2857727
0.3781257
-0.4910808
-0.1902561
-0.2975744
-0.2336821
0.395875
-0.109071
-0.3399942
0
0
0
0
-0.05842096
-0.04206161
0
0
0
0
-0.4469186
-0.003900826
0
0
0
0
-0.0187853
-0.4027746
0
0
0
0
0.4813497
0.3047147
-0.2484968
-0.3993909
0.2260572
-0.3812603
-0.144091
-0.3119427
-0.2442995
-0.246914
0.002516687
-0.07195836
0.2756817
0.1860295
-0.4379272
-0.1693606
0.01470166
-0.089266
0.4797781
-0.0300346
-0.3165953
-0.4443561
0.4631791
-0.255922
-0.4814962
0.2857727
0.3781257
-0.4910808
-0.1902561
-0.2975744
-0.2336821
0.395875
-0.109071
-0.3399942
0
0
0
0
-0.05842096
-0.04206161
0
0
0
0
-0.4469186
-0.003900826
0
0
0
0
-0.0187853
-0.4027746
0
0
0
0
0.4813497
0.3047147
-0.2484968
-0.1050652
0.2260572
-0.3812603
-0.144091
-0.3119427
-0.2442995
-0.246914
0.002516687
-0.07195836
0.2756817
0.1860295
-0.4379272
-0.1693606
0.01470166
-0.089266
0.4797781
-0.0300346
0.08146566
-0.4443561
0.4631791
-0.255922
-0.4814962
0.2857727
0.3781257
-0.4910808
-0.1902561
-0.2975744
-0.2336821
0.395875
