12
-0.2564112
-0.1311578
0
0
0
0
-0.0309419
0.2745993
0
0
0
0
0.3300356
-0.3096623
0
0
0
0
-0.1620162
-0.3749924
0
0
0
0
-0.1789109
0.3740041
0.1825869
0.4962804
0.4331969
0.4551637
-0.3341118
-0.2611116
-0.3173717
0.2747288
-0.2071089
-0.1212124
-0.05087179
-0.1366799
-0.2985218
-0.4442664
0.1930663
-0.338796
-0.0250687
-0.3730401
-0.1196013
0.6146849
-0.1604339
0.1405532
0.01066107
0.463279
-0.3360713
0.3002602
0.2399238
0.07593578
-0.4493828
0.2366212
-0.2564112
-0.1311578
0
0
0
0
-0.04801627
0.2745993
0
0
0
0
0.3300356
-0.3096623
0
0
0
0
-0.1620162
-0.137015
0
0
0
0
-0.1688361
0.3740041
0.1825869
0.4962804
0.4331969
0.08056405
-0.3341118
-0.2611116
-0.3173717
0.2747288
-0.2071089
-0.1212124
-0.05087179
-0.1366799
-0.2985218
-0.4442664
0.1930663
-0.338796
-0.0250687
-0.3730401
-0.1196013
0.6146849
-0.1604339
0.1405532
0.01066107
0.463279
0.3360713
0.3002602
0.2399238
0.07593578
-0.4493828
0.2366212
-0.2564112
-0.1311578
0
0
0
0
-0.04801627
0.2745993
0
0
0
0
0.3300356
-0.3096623
0
0
0
0
-0.1620162
-0.137015
0
0
0
0
-0.1688361
0.3740041
0.1825869
0.4962804
0.4331969
0.4551637
-0.3341118
-0.2611116
-0.3173717
0.2747288
-0.2071089
-0.1212124
-0.05087179
-0.1366799
-0.2985218
-0.4442664
0.1930663
-0.338796
-0.0250687
-0.3730401
-0.1196013
0.6146849
-0.1604339
0.1405532
0.01066107
0.463279
0.3360713
0.3002602
0.2399238
0.07593578
-0.4493828
0.2366212
-0.2564112
-0.1311578
0
0
0
0
-0.0309419
0.2745993
0
0
0
0
0.3300356
-0.3096623
0
0
0
0
-0.1620162
-0.3749924
0
0
0
0
-0.1789109
0.3740041
0.1825869
0.4962804
0.4331969
0.08056405
-0.3341118
-0.2611116
-0.3173717
0.2747288
-0.2071089
-0.1212124
-0.05087179
-0.1366799
-0.2985218
-0.4442664
0.1930663
-0.338796
-0.0250687
-0.3730401
-0.1196013
0.6146849
-0.1604339
0.1405532
0.01066107
0.463279
0.3360713
0.3002602
0.2399238
0.07593578
-0.4493828
0.2366212
-0.2564112
-0.1311578
0
0
0
0
-0.04801627
0.4978011
0
0
0
0
0.3300356
-0.3096623
0
0
0
0
-0.2824004
-0.137015
0
0
0
0
-0.1688361
0.3740041
0.1825869
0.4962804
0.4331969
0.4551637
-0.3341118
-0.2611116
-0.3173717
0.2747288
-0.4116893
-0.1212124
-0.05087179
-0.1366799
-0.3944552
-0.4442664
0.1930663
-0.338796
-0.0250687
-0.3730401
-0.1196013
0.6146849
-0.1604339
0.1405532
0.01066107
0.463279
0.3360713
0.3002602
0.01573146
0.07593578
-0.4493828
0.2366212
-0.2564112
-0.1311578
0
0
0
0
-0.0309419
0.2745993
0
0
0
0
0.3300356
-0.3096623
0
0
0
0
-0.2824004
-0.137015
0
0
0
0
-0.1789109
0.3740041
0.1825869
-0.1869295
0.4331969
0.4551637
-0.3341118
-0.2611116
-0.3173717
0.2747288
-0.4116893
-0.1212124
-0.05087179
-0.2279654
-0.3944552
-0.4442664
0.1930663
-0.338796
-0.0250687
-0.3730401
-0.1196013
0.6146849
-0.1604339
0.1405532
0.001562136
0.463279
0.3360713
0.3002602
0.2399238
0.07593578
-0.4493828
0.1717171
-0.2564112
-0.1311578
0
0
0
0
-0.04801627
0.4978011
0
0
0
0
0.3300356
-0.3096623
0
0
0
0
-0.2824004
-0.137015
0
0
0
0
-0.1688361
0.3740041
0.1825869
0.4962804
0.4331969
0.4551637
-0.3341118
-0.2611116
-0.3173717
0.2747288
-0.4116893
-0.1212124
-0.05087179
-0.1366799
-0.3944552
-0.4442664
0.1930663
-0.338796
-0.0250687
-0.3730401
-0.1196013
0.6146849
-0.1604339
0.1405532
0.01066107
0.463279
0.3360713
0.3002602
0.01573146
0.07593578
-0.4493828
0.2366212
-0.2564112
-0.1311578
0
0
0
0
-0.0309419
0.2745993
0
0
0
0
0.3300356
-0.3096623
0
0
0
0
-0.2824004
-0.137015
0
0
0
0
-0.1789109
0.3740041
0.1825869
-0.1869295
0.4331969
0.4551637
-0.3341118
-0.2611116
-0.3173717
0.2747288
-0.4116893
-0.1212124
-0.05087179
-0.2279654
-0.3944552
-0.4442664
0.1930663
-0.338796
-0.0250687
-0.3730401
-0.1196013
0.6146849
-0.1604339
0.1405532
0.01066107
0.463279
0.3360713
0.3002602
0.2399238
0.07593578
-0.4493828
0.1717171
-0.2564112
-0.1311578
0
0
0
0
-0.0309419
0.2745993
0
0
0
0
0.3300356
-0.3096623
0
0
0
0
-0.1620162
-0.3749924
0
0
0
0
-0.1789109
0.3740041
0.1825869
0.4962804
0.4331969
0.4551637
-0.3341118
-0.2611116
-0.3173717
0.2747288
0.4116893
-0.1212124
-0.05087179
-0.1366799
-0.3944552
0.4442664
0.1930663
-0.338796
-0.0250687
-0.3730401
-0.1196013
0.6146849
-0.1604339
0.1405532
0.01066107
0.463279
0.3360713
0.3002602
0.2399238
0.07593578
-0.1781683
0.2366212
-0.2564112
-0.1311578
0
0
0
0
-0.04801627
0.2745993
0
0
0
0
0.3300356
-0.3096623
0
0
0
0
-0.2824004
-0.137015
0
0
0
0
-0.1789109
0.3740041
0.1825869
-0.1869295
0.4331969
0.4551637
-0.3341118
-0.2611116
-0.3173717
0.2747288
-0.4116893
-0.1212124
-0.05087179
-0.1366799
-0.3944552
-0.4442664
0.1930663
-0.338796
-0.0250687
-0.3730401
-0.1196013
0.6146849
-0.1604339
0.1405532
0.01066107
0.463279
0.3360713
0.3002602
0.01573146
0.07593578
-0.4493828
0.2366212
-0.2564112
-0.1311578
0
0
0
0
-0.0309419
0.2745993
0
0
0
0
0.3300356
-0.3096623
0
0
0
0
-0.2824004
-0.137015
0
0
0
0
-0.1789109
0.3740041
0.1825869
-0.1869295
0.4331969
0.4551637
-0.3341118
-0.2611116
-0.3173717
-0.1425669
-0.4116893
-0.1212124
-0.05087179
-0.1366799
-0.3944552
-0.4442664
0.1930663
-0.338796
-0.0250687
-0.3730401
-0.1196013
0.6146849
-0.1604339
0.1405532
0.01066107
0.463279
0.3360713
0.3002602
0.01573146
0.07593578
-0.4493828
0.2366212
-0.2564112
-0.1311578
0
0
0
0
-0.04801627
0.2745993
0
0
0
0
0.3300356
-0.3096623
0
0
0
0
-0.1620162
-0.3749924
0
0
0
0
-0.1789109
0.3740041
0.1825869
0.4962804
0.4331969
0.4551637
-0.3341118
-0.2611116
-0.3173717
0.2747288
0.4116893
-0.1212124
-0.05087179
-0.1366799
-0.3944552
0.4442664
0.1930663
-0.338796
-0.0250687
-0.3730401
-0.1196013
0.6146849
-0.1604339
0.1405532
0.01066107
0.463279
0.3360713
0.3002602
0.2399238
0.07593578
-0.4493828
0.2366212
-0.2564112
-0.1311578
0
0
0
0
-0.06002081
0.2745993
0
0
0
0
0.3300356
-0.05646775
0
0
0
0
-0.1620162
-0.3749924
0
0
0
0
-0.1789109
0.3740041
0.1825869
-0.1869295
0.4331969
0.4551637
-0.3341118
-0.2611116
-0.3173717
0.2747288
-0.4116893
-0.1212124
-0.05087179
-0.1366799
-0.2985218
0.4442664
0.1930663
-0.338796
-0.0250687
-0.3730401
-0.1196013
0.6146849
-0.1604339
0.1405532
0.01066107
0.463279
0.3360713
0.3002602
0.2399238
0.07593578
-0.4493828
0.2366212
-0.2564112
-0.1311578
0
0
0
0
-0.04801627
0.2745993
0
0
0
0
0.3300356
-0.3096623
0
0
0
0
-0.1620162
-0.3749924
0
0
0
0
-0.1789109
0.3740041
0.1825869
0.4962804
0.4331969
0.4551637
-0.3341118
-0.2611116
-0.3173717
0.2747288
0.4116893
-0.1212124
-0.05087179
-0.1366799
-0.3944552
0.4442664
0.1930663
-0.338796
-0.0250687
-0.3730401
-0.1196013
0.6146849
-0.1604339
0.1405532
0.01066107
0.463279
0.3360713
0.3002602
0.2399238
0.07593578
-0.4493828
0.2366212
-0.2564112
-0.1311578
0
0
0
0
-0.06002081
0.2745993
0
0
0
0
0.3300356
-0.05646775
0
0
0
0
-0.1620162
-0.3749924
0
0
0
0
-0.1789109
0.3740041
0.1825869
0.4962804
0.4331969
0.4551637
-0.3341118
-0.2611116
-0.3173717
0.2747288
0.4116893
-0.1212124
-0.05087179
-0.1366799
-0.3944552
0.4442664
0.1930663
-0.338796
-0.0250687
-0.3730401
-0.1196013
0.6146849
-0.1604339
0.1405532
0.01066107
0.463279
0.3360713
0.3002602
0.2399238
0.07593578
-0.4493828
0.2366212
-0.2564112
-0.1311578
0
0
0
0
-0.04801627
0.2745993
0
0
0
0
0.3300356
-0.3096623
0
0
0
0
-0.1620162
-0.3749924
0
0
0
0
-0.1789109
0.3740041
0.1825869
-0.1869295
0.4331969
0.4551637
-0.3341118
-0.2611116
-0.3173717
0.2747288
-0.4116893
-0.1212124
-0.05087179
-0.1366799
-0.2985218
0.4442664
0.1930663
-0.338796
-0.0250687
-0.3730401
-0.1196013
0.6146849
-0.1604339
0.1405532
0.01066107
0.463279
0.3360713
0.3002602
0.2399238
0.07593578
-0.4493828
0.2366212
-0.2564112
-0.1311578
0
0
0
0
-0.04801627
0.2745993
0
0
0
0
0.3300356
-0.3096623
0
0
0
0
-0.1620162
-0.3749924
0
0
0
0
-0.1789109
0.3740041
0.1825869
-0.1869295
0.4331969
0.4551637
-0.3341118
-0.2611116
-0.3173717
0.2747288
-0.4116893
-0.1212124
-0.05087179
-0.1366799
-0.2985218
0.4442664
0.1930663
-0.338796
-0.0250687
-0.3730401
-0.1196013
0.6146849
-0.1604339
0.1405532
0.01066107
0.463279
0.3360713
0.3002602
0.2399238
0.07593578
-0.4493828
0.2366212
-0.2564112
-0.1311578
0
0
0
0
-0.04801627
0.2745993
0
0
0
0
0.3300356
-0.3096623
0
0
0
0
-0.1620162
-0.3749924
0
0
0
0
-0.1789109
0.3740041
0.1825869
-0.1869295
0.4331969
0.4551637
-0.3341118
-0.2611116
-0.3173717
0.2747288
-0.4116893
-0.1212124
-0.05087179
-0.1366799
-0.2985218
0.4442664
0.1930663
-0.338796
-0.0250687
-0.3730401
-0.1196013
0.6146849
-0.1604339
0.1405532
0.01066107
0.463279
0.3360713
0.3002602
0.2399238
0.07593578
-0.4493828
0.2366212
-0.2564112
-0.1311578
0
0
0
0
-0.04801627
0.2745993
0
0
0
0
0.3300356
-0.3096623
0
0
0
0
-0.1620162
-0.3749924
0
0
0
0
-0.1789109
0.3740041
0.1825869
-0.1869295
0.4331969
0.4551637
-0.3341118
-0.2611116
-0.3173717
0.2747288
-0.4116893
-0.1212124
-0.05087179
-0.1366799
-0.2985218
0.4442664
0.1930663
-0.338796
-0.0250687
-0.3730401
-0.1196013
0.6146849
-0.1604339
0.1405532
0.01066107
0.463279
0.3360713
0.3002602
0.2399238
0.07593578
-0.4493828
0.2366212
-0.2564112
-0.1311578
0
0
0
0
-0.04801627
0.2745993
0
0
0
0
0.3300356
-0.3096623
0
0
0
0
-0.1620162
-0.3749924
0
0
0
0
-0.1789109
0.3740041
0.1825869
-0.1869295
0.4331969
0.4551637
-0.3341118
-0.2611116
-0.3173717
0.2747288
-0.4116893
-0.1212124
-0.05087179
-0.1366799
-0.2985218
0.4442664
0.1930663
-0.338796
-0.0250687
-0.3730401
-0.1196013
0.6146849
-0.1604339
0.1405532
0.01066107
0.463279
0.3360713
0.3002602
0.2399238
0.07593578
-0.4493828
0.2366212
