9
-0.4329202
0.2413217
0
0
0
0
0.05255562
-0.2672522
0
0
0
0
-0.3083867
0.2618967
0
0
0
0
-0.1511618
-0.2657802
0
0
0
0
0.1160151
0.425488
-0.1918996
-0.2114021
0.0318405
0.439075
-0.2409247
0.1899286
-0.07795984
0.4556478
0.4884475
-0.2163294
0.3808839
0.3260475
0.2290336
-0.05597585
0.1335032
0.1923447
-0.3174963
-0.3696649
-0.1917278
-0.3262353
-0.4119743
0.1227962
-0.2270579
0.1428532
0.07565681
-0.1112658
0.1780683
0.3763273
-0.2253427
-0.3512303
-0.4329202
0.2413217
0
0
0
0
0.05255562
-0.2672522
0
0
0
0
-0.3083867
0.2618967
0
0
0
0
-0.1511618
-0.2657802
0
0
0
0
0.2108087
0.425488
-0.1918996
-0.2114021
0.0318405
0.439075
-0.2409247
0.1899286
-0.06037587
0.4556478
0.4884475
-0.2163294
0.3808839
-0.007880628
0.2290336
-0.05597585
0.1335032
0.1923447
-0.3174963
-0.3696649
-0.1917278
-0.3262353
-0.6071252
0.1227962
-0.2270579
-0.15018
0.07565681
-0.1112658
0.1780683
0.3763273
-0.2253427
-0.3512303
-0.4329202
0.2413217
0
0
0
0
0.05255562
-0.2672522
0
0
0
0
-0.3083867
0.2618967
0
0
0
0
-0.1511618
-0.2657802
0
0
0
0
0.2108087
0.425488
-0.1918996
-0.2114021
0.0318405
0.439075
-0.2409247
0.1899286
-0.06037587
0.4556478
0.4884475
-0.2163294
0.3808839
-0.007880628
0.2290336
-0.05597585
0.1335032
0.1923447
-0.3174963
-0.3696649
-0.1917278
-0.3262353
-0.6071252
0.1227962
-0.2270579
-0.15018
0.07565681
-0.1112658
0.1780683
0.3763273
-0.2253427
-0.3512303
-0.4329202
0.2413217
0
0
0
0
0.05255562
-0.2672522
0
0
0
0
-0.3083867
0.2618967
0
0
0
0
-0.1511618
-0.2657802
0
0
0
0
0.1160151
0.425488
-0.1918996
-0.2114021
0.0318405
0.439075
-0.2409247
0.1899286
-0.07795984
-0.4556478
0.4884475
-0.2163294
0.3808839
0.3260475
0.2290336
-0.05597585
0.1335032
0.1923447
-0.3174963
-0.3696649
-0.1917278
-0.3262353
-0.4119743
0.1227962
-0.2270579
0.1428532
0.07565681
-0.1112658
0.1780683
0.3763273
-0.2253427
-0.3512303
-0.4329202
0.2413217
0
0
0
0
0.05255562
-0.2672522
0
0
0
0
-0.3083867
0.3730453
0
0
0
0
-0.1511618
-0.2657802
0
0
0
0
0.1160151
0.425488
-0.1918996
-0.2114021
0.0318405
0.439075
-0.2409247
0.1899286
-0.06037587
0.4556478
0.4884475
-0.2163294
0.3808839
-0.007880628
-0.4808406
0.08123022
0.114469
-0.06809205
-0.4671315
-0.3028666
0.103412
-0.3671706
-0.2123471
0.3155848
0.03278834
-0.3064831
0.09661239
-0.2515769
-0.02345532
0.1824778
0.005230219
-0.4380631
-0.4329202
0.2413217
0
0
0
0
0.05255562
-0.2672522
0
0
0
0
-0.3083867
0.3730453
0
0
0
0
-0.1511618
-0.2657802
0
0
0
0
0.1160151
0.425488
-0.1918996
-0.2114021
0.0318405
0.439075
-0.2259333
0.1899286
-0.07795984
0.4556478
0.4884475
-0.2163294
0.3808839
0.3260475
-0.4808406
0.08123022
0.114469
-0.06809205
-0.4671315
-0.3028666
0.103412
-0.3671706
-0.2123471
0.3155848
0.03278834
-0.3064831
0.09661239
-0.2515769
-0.02345532
0.1824778
0.005230219
-0.4380631
-0.4329202
0.2413217
0
0
0
0
0.05255562
-0.2672522
0
0
0
0
-0.3083867
0.3730453
0
0
0
0
-0.1511618
-0.2657802
0
0
0
0
0.1160151
0.425488
-0.1918996
-0.2114021
0.0318405
0.439075
-0.2409247
0.1899286
-0.07795984
0.4556478
0.4884475
-0.2163294
0.3808839
-0.007880628
-0.4808406
0.08123022
0.114469
-0.06809205
-0.4671315
-0.3028666
0.103412
-0.3671706
-0.2123471
0.3155848
0.03278834
-0.3064831
0.09661239
-0.2515769
-0.02345532
0.1824778
0.005230219
-0.4380631
-0.4329202
0.2413217
0
0
0
0
0.05255562
-0.2672522
0
0
0
0
-0.3083867
0.3730453
0
0
0
0
-0.1511618
-0.2657802
0
0
0
0
0.1160151
0.425488
-0.1918996
-0.2114021
0.0318405
0.439075
-0.2259333
0.1899286
-0.06037587
0.4556478
0.4884475
-0.2163294
0.3808839
0.3260475
-0.4808406
0.08123022
0.114469
-0.06809205
-0.4671315
-0.3028666
0.103412
-0.3671706
-0.2123471
0.3155848
0.03278834
-0.3064831
0.09661239
-0.2515769
-0.02345532
0.1824778
0.005230219
-0.4380631
-0.4329202
0.2413217
0
0
0
0
0.05255562
-0.2672522
0
0
0
0
-0.3083867
0.3730453
0
0
0
0
-0.1511618
-0.2657802
0
0
0
0
0.1160151
0.425488
-0.1918996
-0.2114021
0.0318405
0.439075
-0.2409247
0.1899286
-0.06037587
0.4556478
0.4884475
-0.2163294
0.3808839
-0.007880628
-0.4808406
0.08123022
0.114469
-0.06809205
-0.4671315
-0.3028666
0.103412
-0.3671706
-0.2123471
0.3155848
0.03278834
-0.3064831
0.09661239
-0.1112658
0.1780683
0.3763273
-0.2253427
-0.3512303
-0.108689
-0.2212082
0
0
0
0
0.164817
0.4958853
0
0
0
0
-0.3607601
-0.1477289
0
0
0
0
0.1246476
0.5351053
0
0
0
0
-0.112956
0.4434381
-0.1698702
0.07718414
0.4864454
-0.2894318
-0.04606694
-0.3636179
0.4093516
0.196573
-0.3084372
-0.07721978
0.2046095
-0.007880628
0.2290336
-0.05597585
0.1335032
0.1923447
-0.3174963
-0.3696649
-0.1917278
-0.3262353
-0.4119743
0.1227962
-0.2270579
-0.15018
0.07565681
-0.2515769
-0.02345532
0.1824778
0.005230219
-0.4380631
-0.4329202
0.2413217
0
0
0
0
0.05255562
-0.2672522
0
0
0
0
-0.3083867
0.3730453
0
0
0
0
-0.1511618
-0.2657802
0
0
0
0
0.1160151
0.425488
-0.1698702
0.07718414
0.4864454
-0.2894318
-0.04606694
-0.3636179
0.4093516
0.196573
-0.3084372
-0.07721978
0.2046095
-0.007880628
0.2290336
-0.05597585
0.1335032
0.1923447
-0.3174963
-0.3696649
-0.1917278
-0.3262353
-0.4119743
0.1227962
-0.2270579
-0.15018
0.07565681
-0.1112658
0.1780683
0.3763273
-0.2253427
-0.3512303
-0.108689
-0.2212082
0
0
0
0
0.164817
0.4958853
0
0
0
0
-0.3607601
-0.1477289
0
0
0
0
0.1246476
0.5351053
0
0
0
0
-0.112956
0.4434381
-0.1918996
-0.2114021
0.0318405
0.439075
-0.2409247
0.1899286
-0.06037587
0.4556478
0.4884475
-0.2163294
0.3808839
-0.007880628
-0.4808406
0.08123022
0.114469
-0.06809205
-0.4671315
-0.3028666
0.103412
-0.3671706
-0.2123471
0.3155848
0.03278834
-0.3064831
0.09661239
-0.2515769
-0.02345532
0.1824778
0.005230219
-0.4380631
-0.108689
-0.2212082
0
0
0
0
0.164817
0.4958853
0
0
0
0
-0.3607601
-0.1477289
0
0
0
0
0.1246476
0.5351053
0
0
0
0
-0.112956
0.4434381
-0.1698702
0.07718414
0.4864454
-0.2894318
-0.04606694
-0.3636179
0.4093516
0.196573
-0.3084372
-0.07721978
0.2046095
-0.007880628
0.2290336
-0.05597585
0.1335032
0.1923447
-0.3174963
-0.3696649
-0.1917278
-0.3262353
-0.4119743
0.1227962
-0.2270579
-0.15018
0.07565681
-0.1112658
0.1780683
0.3763273
-0.2253427
-0.3512303
-0.108689
-0.2212082
0
0
0
0
0.164817
0.4958853
0
0
0
0
-0.3607601
-0.1477289
0
0
0
0
0.1246476
0.5351053
0
0
0
0
-0.112956
0.4434381
-0.1698702
0.07718414
0.4864454
-0.2894318
-0.04606694
-0.3636179
0.4093516
0.196573
-0.3084372
-0.07721978
0.2046095
-0.007880628
0.2290336
-0.05597585
0.1335032
0.1923447
-0.3174963
-0.3696649
-0.1917278
-0.3262353
-0.4119743
0.1227962
-0.2270579
-0.15018
0.07565681
-0.1112658
0.1780683
0.3763273
-0.2253427
-0.3512303
-0.108689
-0.2212082
0
0
0
0
0.164817
0.4958853
0
0
0
0
-0.3607601
-0.1477289
0
0
0
0
0.1246476
0.5351053
0
0
0
0
-0.112956
0.4434381
-0.1698702
0.07718414
0.4864454
-0.2894318
-0.04606694
-0.3636179
0.4093516
0.196573
-0.3084372
-0.07721978
0.2046095
-0.007880628
0.2290336
-0.05597585
0.1335032
0.1923447
-0.3174963
-0.3696649
-0.1917278
-0.3262353
-0.4119743
0.1227962
-0.2270579
-0.15018
0.07565681
-0.1112658
0.1780683
0.3763273
-0.2253427
-0.07840894
-0.108689
-0.2212082
0
0
0
0
0.164817
0.4958853
0
0
0
0
-0.3607601
-0.1477289
0
0
0
0
0.1246476
0.5351053
0
0
0
0
-0.112956
0.4434381
-0.1698702
0.07718414
0.4864454
-0.2894318
-0.04606694
-0.3636179
0.4093516
0.196573
-0.3084372
-0.07721978
0.2046095
-0.007880628
0.2290336
-0.05597585
0.1335032
0.1923447
-0.3174963
-0.3696649
-0.1917278
-0.3262353
-0.4119743
0.1227962
-0.2270579
-0.15018
0.07565681
-0.1112658
0.1780683
0.3763273
-0.2253427
-0.3512303
-0.108689
-0.2212082
0
0
0
0
0.05255562
-0.2672522
0
0
0
0
-0.3083867
0.2618967
0
0
0
0
-0.1511618
-0.2657802
0
0
0
0
0.2108087
0.425488
-0.1918996
-0.2114021
0.0318405
0.439075
-0.2409247
0.1899286
-0.07795984
0.4556478
0.4884475
-0.2163294
0.3808839
0.3260475
0.2290336
-0.05597585
0.1335032
0.1923447
-0.3174963
-0.3696649
-0.1917278
-0.3262353
-0.6071252
0.1227962
-0.2270579
-0.15018
0.07565681
-0.1112658
0.1780683
0.3763273
-0.2253427
-0.3512303
-0.4329202
0.2413217
0
0
0
0
0.164817
0.4958853
0
0
0
0
-0.3607601
-0.1477289
0
0
0
0
0.1246476
0.5351053
0
0
0
0
-0.112956
0.4434381
-0.1698702
0.07718414
0.4864454
-0.2894318
-0.04606694
-0.3636179
0.4093516
0.196573
-0.3084372
-0.07721978
0.2046095
-0.007880628
0.2290336
-0.05597585
0.1335032
0.1923447
-0.3174963
-0.3696649
-0.1917278
-0.3262353
-0.4119743
0.1227962
-0.2270579
-0.15018
0.07565681
-0.1112658
0.1780683
0.3763273
-0.2253427
-0.3512303
-0.108689
-0.2212082
0
0
0
0
0.164817
0.4958853
0
0
0
0
-0.3607601
-0.1477289
0
0
0
0
-0.1511618
-0.2657802
0
0
0
0
0.2108087
0.425488
-0.1918996
-0.2114021
0.0318405
0.439075
-0.2409247
0.1899286
-0.07795984
0.4556478
0.4884475
-0.2163294
0.3808839
0.3260475
0.2290336
-0.05597585
0.1335032
0.1923447
-0.3174963
-0.3696649
-0.1917278
-0.3262353
-0.6071252
0.1227962
-0.2270579
-0.15018
0.07565681
-0.1112658
0.1780683
0.3763273
-0.2253427
-0.3512303
-0.4329202
0.2413217
0
0
0
0
0.05255562
-0.2672522
0
0
0
0
-0.3083867
0.2618967
0
0
0
0
0.1246476
0.5351053
0
0
0
0
-0.112956
0.4434381
-0.1698702
0.07718414
0.4864454
-0.2894318
-0.04606694
-0.3636179
0.4093516
0.196573
-0.3084372
-0.07721978
0.2046095
-0.007880628
0.2290336
-0.05597585
0.1335032
0.1923447
-0.3174963
-0.3696649
-0.1917278
-0.3262353
-0.4119743
0.1227962
-0.2270579
-0.15018
0.07565681
-0.1112658
0.1780683
0.3763273
-0.2253427
-0.3512303
