18
0.3080184
-0.1239727
0
0
0
0
-0.01776642
0.007779336
0
0
0
0
0.4683373
-0.1526536
0
0
0
0
0.04277629
0.4314952
0
0
0
0
0.04846865
0.05046493
0.3680505
-0.3279421
-0.1711294
-0.1396528
-0.033382
-0.4809065
-0.1218498
-0.4139639
-0.0026173
0.2465484
0.3925743
0.4131755
0.4201396
0.2213492
-0.3119413
-0.363578
-0.05176584
0.4002163
0.1079952
0.07984477
0.3318388
-0.4827633
-0.3385382
-0.3695542
0.175536
0.174454
-0.3234581
0.1109869
-0.163912
0.271975
0.3080184
-0.1239727
0
0
0
0
-0.01776642
0.007779336
0
0
0
0
0.4683373
-0.1526536
0
0
0
0
0.04277629
0.4314952
0
0
0
0
0.04846865
0.05046493
0.3680505
-0.3279421
-0.1711294
-0.1396528
-0.033382
-0.4809065
-0.1218498
-0.4139639
-0.0026173
0.2465484
0.3925743
0.4131755
0.4201396
0.2213492
-0.3119413
-0.363578
-0.05176584
0.4002163
0.1079952
0.06800848
0.3318388
-0.4827633
-0.3385382
-0.3695542
0.175536
0.174454
-0.3234581
0.1109869
-0.163912
0.271975
0.3080184
-0.1239727
0
0
0
0
-0.01776642
0.007779336
0
0
0
0
0.4683373
-0.1526536
0
0
0
0
0.04277629
0.4314952
0
0
0
0
0.04846865
0.05046493
0.3680505
-0.3279421
-0.1711294
-0.1396528
-0.033382
-0.4809065
-0.1218498
-0.4139639
-0.0026173
0.2465484
0.3925743
0.4131755
0.4201396
0.2213492
-0.3119413
-0.363578
-0.05176584
0.4002163
0.1079952
0.06800848
0.3318388
-0.4827633
-0.3385382
-0.3695542
0.175536
0.174454
-0.3234581
0.1109869
-0.163912
0.271975
0.3080184
-0.1239727
0
0
0
0
-0.01776642
0.007779336
0
0
0
0
0.4683373
-0.1526536
0
0
0
0
0.04277629
0.4314952
0
0
0
0
0.04846865
0.05046493
0.3680505
-0.3279421
-0.1711294
-0.1396528
-0.033382
-0.4809065
-0.1218498
-0.4139639
-0.0026173
0.2465484
0.3925743
0.4131755
0.4201396
0.2213492
-0.3119413
-0.363578
-0.05176584
0.4002163
0.1079952
0.06800848
0.3318388
-0.4827633
-0.3385382
-0.3695542
0.175536
0.174454
-0.3234581
0.1109869
-0.163912
0.271975
0.3080184
-0.1239727
0
0
0
0
-0.01776642
0.007779336
0
0
0
0
0.4683373
-0.1526536
0
0
0
0
0.04277629
0.4314952
0
0
0
0
0.04846865
0.05046493
0.3680505
-0.3279421
-0.1711294
-0.1396528
-0.033382
-0.4809065
-0.1218498
-0.4139639
-0.0026173
0.2465484
0.3925743
0.4131755
0.4201396
0.2213492
-0.3119413
-0.363578
-0.05176584
0.4002163
0.1079952
0.06800848
0.3318388
-0.4827633
-0.3385382
-0.3695542
0.175536
0.174454
-0.3234581
0.1109869
-0.163912
0.271975
0.3080184
-0.1239727
0
0
0
0
-0.01776642
0.007779336
0
0
0
0
0.4683373
-0.1526536
0
0
0
0
0.04277629
0.4314952
0
0
0
0
0.04846865
0.05046493
0.3680505
-0.3279421
-0.1711294
-0.1396528
-0.033382
-0.4809065
-0.1218498
-0.4139639
-0.0026173
0.2465484
0.3925743
0.4131755
0.4201396
0.2213492
-0.3119413
-0.363578
-0.05176584
0.4002163
0.1079952
0.06800848
0.3318388
-0.4827633
-0.3385382
-0.3695542
0.175536
0.174454
-0.3234581
0.1109869
-0.163912
0.271975
0.3080184
-0.1239727
0
0
0
0
-0.01776642
0.007779336
0
0
0
0
0.4683373
-0.1526536
0
0
0
0
0.04277629
0.4314952
0
0
0
0
0.04846865
0.05046493
0.3680505
-0.3279421
-0.1711294
-0.1396528
-0.033382
-0.4809065
-0.1218498
-0.4139639
-0.0026173
0.2465484
0.3925743
0.4131755
0.4201396
0.2213492
-0.3119413
-0.363578
-0.05176584
0.4002163
0.1079952
0.06800848
0.3318388
-0.4827633
-0.3385382
-0.3695542
0.175536
0.174454
-0.3234581
0.1109869
-0.163912
0.271975
0.3080184
-0.1239727
0
0
0
0
-0.01776642
0.007779336
0
0
0
0
0.4683373
-0.1526536
0
0
0
0
0.04277629
0.4314952
0
0
0
0
0.04846865
0.05046493
0.3680505
-0.3279421
-0.1711294
-0.1396528
-0.033382
-0.4809065
-0.1218498
-0.4139639
-0.0026173
0.2465484
0.3925743
0.4131755
0.4201396
0.2213492
-0.3119413
-0.363578
-0.05176584
0.4002163
0.1079952
0.06800848
0.3318388
-0.4827633
-0.3385382
-0.3695542
0.175536
0.174454
-0.3234581
0.1109869
-0.163912
0.271975
0.3080184
-0.1239727
0
0
0
0
-0.01776642
0.007779336
0
0
0
0
0.4683373
-0.1526536
0
0
0
0
0.01254764
0.4314952
0
0
0
0
0.04846865
0.05046493
0.3680505
-0.3279421
-0.1711294
-0.1396528
-0.033382
-0.4809065
-0.1218498
-0.4139639
-0.0026173
0.2465484
0.3925743
0.4131755
0.4201396
0.2213492
-0.3119413
-0.363578
-0.05176584
0.4002163
0.1079952
0.06800848
0.3318388
-0.4827633
-0.3385382
-0.3695542
0.175536
0.174454
-0.3234581
0.1109869
-0.163912
0.271975
0.3080184
-0.1239727
0
0
0
0
-0.01776642
0.007779336
0
0
0
0
0.4683373
-0.1526536
0
0
0
0
0.04277629
0.4314952
0
0
0
0
0.04846865
0.05046493
0.3680505
-0.3279421
-0.1711294
-0.1396528
-0.033382
-0.4809065
-0.1218498
-0.4139639
-0.0026173
0.2465484
0.3925743
0.4131755
0.4201396
0.2213492
-0.3119413
-0.363578
-0.05176584
0.4002163
0.1079952
0.06800848
0.3318388
-0.4827633
-0.3385382
-0.3695542
0.175536
0.174454
-0.3234581
0.1109869
-0.163912
-0.271975
0.3080184
-0.1239727
0
0
0
0
-0.01776642
0.007779336
0
0
0
0
0.4683373
-0.1526536
0
0
0
0
0.04277629
0.4314952
0
0
0
0
0.04846865
0.05046493
0.3680505
-0.3279421
-0.1711294
-0.1396528
-0.033382
-0.4809065
-0.1218498
-0.4139639
-0.0026173
0.2465484
0.3925743
0.4131755
0.4201396
0.2213492
-0.4293668
-0.363578
-0.05176584
0.4002163
0.1079952
0.06800848
0.3318388
-0.4827633
-0.3385382
-0.3695542
0.175536
0.174454
-0.3234581
0.1109869
-0.163912
0.271975
0.3080184
-0.1239727
0
0
0
0
-0.01776642
0.007779336
0
0
0
0
0.4683373
-0.1526536
0
0
0
0
0.04277629
0.4314952
0
0
0
0
0.04846865
0.05046493
0.3680505
-0.3279421
-0.1711294
-0.1396528
-0.033382
-0.4809065
-0.1218498
-0.4139639
-0.0026173
0.2465484
0.3925743
0.4131755
0.4201396
0.2213492
-0.3119413
-0.363578
-0.05176584
0.4002163
0.1079952
0.06800848
0.3318388
-0.4827633
-0.3385382
-0.3695542
0.175536
0.174454
-0.3234581
0.1109869
-0.163912
0.271975
0.03417894
-0.1239727
0
0
0
0
-0.01776642
0.007779336
0
0
0
0
0.4683373
-0.1526536
0
0
0
0
0.04277629
0.4314952
0
0
0
0
0.04846865
0.05046493
0.3680505
-0.3279421
-0.1711294
-0.1396528
-0.033382
-0.4809065
-0.1218498
-0.4139639
-0.0026173
0.2465484
0.3925743
0.4131755
0.4201396
0.2213492
-0.3119413
-0.363578
-0.05176584
0.4002163
0.1079952
0.06800848
0.3318388
-0.4827633
-0.2361982
-0.3695542
0.175536
0.174454
-0.3234581
0.1109869
-0.163912
0.271975
0.3080184
-0.1239727
0
0
0
0
-0.01776642
0.007779336
0
0
0
0
0.4683373
-0.1526536
0
0
0
0
0.04277629
0.4314952
0
0
0
0
0.04846865
0.05046493
0.3680505
-0.3279421
-0.1711294
-0.1396528
-0.033382
-0.4809065
-0.1218498
-0.4139639
-0.0026173
0.2465484
0.3925743
0.4131755
0.4201396
0.2213492
-0.3119413
-0.363578
-0.05176584
0.4002163
0.1079952
0.06800848
0.3318388
-0.4827633
-0.3385382
-0.3695542
0.175536
0.174454
-0.3234581
0.1109869
-0.163912
0.271975
0.03417894
-0.1239727
0
0
0
0
-0.01776642
0.007779336
0
0
0
0
0.4683373
-0.1526536
0
0
0
0
0.04277629
0.4314952
0
0
0
0
0.04846865
0.05046493
0.3680505
-0.3279421
-0.1711294
-0.1396528
-0.033382
-0.4809065
-0.1218498
-0.4139639
-0.0026173
0.2465484
0.3925743
0.4131755
0.4201396
0.2213492
-0.3119413
-0.363578
-0.05176584
0.4002163
0.1079952
0.06800848
0.3318388
-0.05345613
-0.2361982
-0.3695542
0.175536
0.174454
-0.3234581
0.1109869
-0.163912
0.271975
0.3080184
-0.1239727
0
0
0
0
-0.01776642
0.007779336
0
0
0
0
0.4683373
-0.1526536
0
0
0
0
0.04277629
0.4314952
0
0
0
0
0.04846865
0.05046493
0.3680505
-0.3279421
-0.1711294
-0.1396528
-0.033382
-0.4809065
-0.1218498
-0.4139639
-0.0026173
0.2465484
0.3925743
0.4131755
0.4201396
0.2213492
-0.3119413
-0.363578
-0.05176584
0.4002163
0.1079952
0.06800848
0.3318388
-0.4827633
-0.3385382
-0.3695542
0.175536
0.174454
-0.3234581
0.1109869
-0.163912
0.271975
0.3080184
-0.1239727
0
0
0
0
-0.01776642
0.007779336
0
0
0
0
0.4683373
-0.1526536
0
0
0
0
-0.04277629
0.4314952
0
0
0
0
0.04846865
0.05046493
0.3680505
-0.3279421
-0.1711294
-0.1396528
-0.033382
-0.4809065
-0.1218498
-0.4139639
-0.0026173
0.2465484
0.3925743
0.4131755
0.4201396
0.2213492
-0.3119413
-0.363578
-0.05176584
0.4002163
0.1079952
0.06800848
0.3318388
-0.4827633
-0.3385382
-0.4475799
0.175536
0.174454
-0.3234581
0.1109869
-0.163912
0.271975
0.3080184
-0.1239727
0
0
0
0
-0.01776642
0.007779336
0
0
0
0
0.4683373
-0.1526536
0
0
0
0
0.04277629
0.4314952
0
0
0
0
0.04846865
0.05046493
0.3680505
-0.3279421
-0.2356532
-0.1396528
-0.033382
-0.4809065
-0.1218498
-0.4139639
-0.0026173
0.2465484
0.3925743
0.4131755
0.4201396
0.2213492
-0.3119413
-0.363578
-0.05176584
0.4002163
0.1079952
0.06800848
0.3318388
-0.4827633
-0.3385382
-0.4475799
0.175536
0.174454
-0.3234581
0.1109869
-0.163912
0.271975
0.3080184
-0.1239727
0
0
0
0
-0.01776642
0.007779336
0
0
0
0
0.4683373
-0.1526536
0
0
0
0
0.04277629
0.4314952
0
0
0
0
0.04846865
0.05046493
0.3680505
-0.3279421
-0.2356532
-0.1396528
-0.033382
-0.4809065
-0.1218498
-0.4139639
-0.0026173
0.2465484
0.3925743
0.4131755
0.4201396
0.2213492
-0.3119413
-0.363578
-0.05176584
0.4002163
0.1079952
0.06800848
0.3318388
-0.4827633
-0.3385382
-0.4475799
0.175536
0.174454
-0.3234581
0.1109869
-0.163912
0.271975
0.3080184
-0.1239727
0
0
0
0
-0.01776642
0.007779336
0
0
0
0
0.4683373
-0.1526536
0
0
0
0
-0.04277629
0.4314952
0
0
0
0
0.04846865
0.05046493
0.3680505
-0.3279421
-0.1711294
-0.1396528
-0.033382
-0.4809065
-0.1218498
-0.4139639
-0.0026173
0.2465484
0.3925743
0.4131755
0.4201396
0.2213492
-0.3119413
-0.363578
-0.05176584
-0.2926563
0.1079952
0.06800848
0.3318388
-0.4827633
-0.3385382
-0.4475799
0.175536
0.174454
-0.3234581
0.1109869
-0.163912
0.271975
