8
0.3080184
-0.4011679
0
0
0
0
-0.01776642
0.07676214
0
0
0
0
-0.204828
0.3510005
0
0
0
0
-0.3756386
-0.366671
0
0
0
0
-0.2348784
0.2593598
-0.2990419
-0.3725759
0.3506314
0.4506607
0.0956412
0.05373174
-0.467896
0.3346257
0.2548615
-0.02108461
0.08544141
-0.02418917
0.3243215
-0.4742552
-0.293074
-0.0466071
-0.4106246
0.4002163
0.1079952
0.06800848
0.3318388
-0.4827633
-0.1922926
-0.3695542
0.175536
-0.3049165
-0.3234581
0.06247735
-0.163912
0.1219353
0.3080184
-0.4011679
0
0
0
0
-0.01776642
0.07676214
0
0
0
0
-0.204828
0.3510005
0
0
0
0
-0.3756386
-0.366671
0
0
0
0
-0.2348784
0.2593598
-0.2990419
-0.3725759
0.3506314
0.4506607
0.0956412
0.05373174
-0.467896
0.3346257
0.2548615
-0.02108461
0.08544141
-0.02418917
0.3243215
-0.4742552
-0.293074
-0.0466071
-0.4106246
0.4002163
0.1079952
0.06800848
0.3318388
-0.4827633
-0.1922926
-0.3695542
0.175536
-0.3049165
-0.3234581
0.06247735
-0.163912
0.1219353
0.3080184
-0.4011679
0
0
0
0
-0.01776642
0.07676214
0
0
0
0
-0.204828
0.3510005
0
0
0
0
-0.3756386
-0.366671
0
0
0
0
-0.2348784
0.2593598
-0.2990419
-0.3725759
0.3506314
0.4506607
0.0956412
0.05373174
-0.467896
0.3346257
0.2548615
-0.02108461
0.08544141
-0.02418917
0.3243215
-0.4742552
-0.293074
-0.0466071
-0.4106246
0.4002163
0.1079952
0.06800848
0.3318388
-0.4827633
-0.1922926
-0.3695542
0.175536
-0.3049165
-0.3234581
0.06247735
-0.163912
0.1219353
0.3080184
-0.4011679
0
0
0
0
-0.01776642
0.07676214
0
0
0
0
-0.204828
0.3510005
0
0
0
0
-0.3756386
-0.366671
0
0
0
0
-0.2348784
0.2593598
-0.2990419
-0.3725759
0.3506314
0.4506607
0.0956412
0.05373174
-0.467896
0.3346257
0.2548615
-0.02108461
0.08544141
-0.02418917
0.3243215
-0.4742552
-0.293074
-0.0466071
-0.4106246
0.4002163
0.1079952
0.06800848
0.3318388
-0.4827633
-0.1922926
-0.3695542
0.175536
-0.3049165
-0.3234581
0.06247735
-0.163912
0.1219353
0.3080184
-0.1239727
0
0
0
0
-0.01776642
0.07676214
0
0
0
0
0.4683373
-0.1526536
0
0
0
0
0.04277629
0.4314952
0
0
0
0
0.2777274
0.05046493
0.3680505
-0.3279421
-0.1711294
-0.1396528
-0.033382
-0.4809065
-0.1218498
0.4139639
-0.0026173
0.2465484
0.3925743
-0.02418917
0.3243215
-0.4742552
-0.293074
-0.0466071
-0.4106246
0.4002163
0.1079952
0.06800848
0.3318388
-0.4827633
-0.1922926
-0.3695542
0.175536
-0.3049165
-0.3234581
0.1109869
-0.163912
0.271975
0.3080184
-0.1239727
0
0
0
0
-0.01776642
0.07676214
0
0
0
0
0.4683373
-0.1526536
0
0
0
0
0.04277629
0.4314952
0
0
0
0
0.2777274
0.05046493
0.3680505
-0.3279421
-0.1711294
-0.1396528
-0.033382
-0.4809065
-0.1218498
0.4139639
-0.0026173
0.2465484
0.3925743
-0.02418917
0.3243215
-0.4742552
-0.293074
-0.0466071
-0.4106246
0.4002163
0.1079952
0.06800848
0.3318388
-0.4827633
-0.1922926
-0.3695542
0.175536
-0.3049165
-0.3234581
0.1109869
-0.163912
0.271975
0.3080184
-0.1239727
0
0
0
0
-0.01776642
0.07676214
0
0
0
0
0.4683373
-0.1526536
0
0
0
0
0.04277629
0.4314952
0
0
0
0
0.2777274
0.05046493
0.3680505
-0.3279421
-0.1711294
-0.1396528
-0.033382
-0.4809065
-0.1218498
0.4139639
-0.0026173
0.2465484
0.3925743
-0.02418917
0.3243215
-0.4742552
-0.293074
-0.0466071
-0.4106246
0.4002163
0.1079952
0.06800848
0.3318388
-0.4827633
-0.1922926
-0.3695542
0.175536
-0.3049165
-0.3234581
0.1109869
-0.163912
0.271975
0.3080184
-0.1239727
0
0
0
0
-0.01776642
0.07676214
0
0
0
0
0.4683373
-0.1526536
0
0
0
0
0.04277629
0.4314952
0
0
0
0
0.2777274
0.05046493
0.3680505
-0.3279421
-0.1711294
-0.1396528
-0.033382
-0.4809065
-0.1218498
0.4139639
-0.0026173
0.2465484
0.3925743
-0.02418917
0.3243215
-0.4742552
-0.293074
-0.0466071
-0.4106246
0.4002163
0.1079952
0.06800848
0.3318388
-0.4827633
-0.1922926
-0.3695542
0.175536
-0.3049165
-0.3234581
0.1109869
-0.163912
0.271975
0.3080184
-0.1239727
0
0
0
0
-0.01776642
0.07676214
0
0
0
0
0.4683373
-0.1526536
0
0
0
0
0.04277629
0.4314952
0
0
0
0
0.2777274
0.05046493
0.3680505
-0.3279421
-0.1711294
-0.1396528
-0.033382
-0.4809065
-0.1218498
0.4139639
-0.0026173
0.2465484
0.3925743
0.4131755
0.4201396
0.2213492
-0.3119413
-0.363578
0.140062
0.2938261
0.1079952
0.06800848
0.3318388
-0.4827633
-0.1922926
-0.3695542
0.175536
-0.3049165
-0.3234581
0.1109869
-0.163912
0.271975
0.3080184
-0.1239727
0
0
0
0
-0.01776642
0.07676214
0
0
0
0
0.4683373
-0.1526536
0
0
0
0
0.04277629
0.4314952
0
0
0
0
0.2777274
0.05046493
0.3680505
-0.3279421
-0.1711294
-0.1396528
-0.033382
-0.4809065
-0.1218498
0.4139639
-0.0026173
0.2465484
0.3925743
0.4131755
0.4201396
0.2213492
-0.3119413
-0.363578
0.140062
0.2938261
0.1079952
0.06800848
0.3318388
-0.4827633
-0.1922926
-0.3695542
0.175536
-0.3049165
-0.3234581
0.1109869
-0.163912
0.271975
0.3080184
-0.1239727
0
0
0
0
-0.01776642
0.07676214
0
0
0
0
0.4683373
-0.1526536
0
0
0
0
0.04277629
0.4314952
0
0
0
0
0.2777274
0.05046493
0.3680505
-0.3279421
-0.1711294
-0.1396528
-0.033382
-0.4809065
-0.1218498
0.4139639
-0.0026173
0.2465484
0.3925743
0.4131755
0.4201396
0.2213492
-0.3119413
-0.363578
0.140062
0.2938261
0.1079952
0.06800848
0.3318388
-0.4827633
-0.1922926
-0.3695542
0.175536
-0.3049165
-0.3234581
0.04057922
-0.163912
0.271975
0.3080184
-0.1239727
0
0
0
0
-0.01776642
0.07676214
0
0
0
0
0.4683373
-0.1526536
0
0
0
0
0.04277629
0.4314952
0
0
0
0
0.2777274
0.05046493
0.3680505
-0.3279421
-0.1711294
-0.1396528
-0.033382
-0.4809065
-0.1218498
0.4139639
-0.0026173
0.2465484
0.3925743
0.4131755
0.4201396
0.2213492
-0.3119413
-0.363578
0.140062
0.2938261
0.1079952
0.06800848
0.3318388
-0.4827633
-0.1922926
-0.3695542
0.175536
-0.3049165
-0.3234581
0.1109869
-0.163912
0.271975
0.3080184
-0.1239727
0
0
0
0
-0.01776642
0.007779336
0
0
0
0
0.4683373
-0.1526536
0
0
0
0
0.04277629
0.4314952
0
0
0
0
0.2777274
0.05046493
0.3680505
-0.3279421
-0.1711294
-0.1396528
-0.033382
-0.4809065
-0.1218498
-0.4139639
-0.002143225
0.2465484
0.3925743
0.4131755
0.4201396
0.2213492
-0.3119413
-0.363578
-0.05176584
0.4002163
0.1079952
0.06800848
0.3318388
-0.4827633
-0.1922926
-0.3695542
0.175536
0.174454
-0.3234581
0.1109869
-0.163912
0.271975
0.3080184
-0.1239727
0
0
0
0
-0.01776642
0.007779336
0
0
0
0
0.4683373
-0.1526536
0
0
0
0
0.04277629
0.4314952
0
0
0
0
0.2777274
0.05046493
0.3680505
-0.3279421
-0.1711294
-0.1396528
-0.033382
-0.4809065
-0.1218498
-0.4139639
-0.0026173
0.2465484
0.3925743
0.4131755
0.4201396
0.2213492
-0.3119413
-0.363578
-0.05176584
0.4002163
0.1079952
0.06800848
0.3318388
-0.4827633
-0.1922926
-0.3695542
0.175536
0.174454
-0.3234581
0.1109869
-0.163912
0.271975
0.3080184
-0.1239727
0
0
0
0
-0.01776642
0.007779336
0
0
0
0
0.4683373
-0.1526536
0
0
0
0
0.04277629
0.4314952
0
0
0
0
0.2777274
0.05046493
0.3680505
-0.3279421
-0.1711294
-0.1396528
-0.033382
-0.4809065
-0.1218498
-0.4139639
-0.0026173
0.2465484
0.3925743
0.4131755
0.4201396
0.2213492
-0.3119413
-0.363578
-0.05176584
0.4002163
0.1079952
0.06800848
0.3318388
-0.4827633
-0.1922926
-0.3695542
0.175536
0.174454
-0.3234581
0.1109869
-0.163912
0.271975
0.3080184
-0.1239727
0
0
0
0
-0.01776642
0.007779336
0
0
0
0
0.4683373
-0.1526536
0
0
0
0
0.04277629
0.4314952
0
0
0
0
0.2777274
0.05046493
0.3680505
-0.3279421
-0.1711294
-0.1396528
-0.033382
-0.4809065
-0.1218498
-0.4139639
-0.0026173
0.2465484
0.3925743
0.4131755
0.4201396
0.2213492
-0.3119413
-0.363578
-0.05176584
0.4002163
0.1079952
0.06800848
0.3318388
-0.4827633
-0.1922926
-0.3695542
0.175536
0.174454
-0.3234581
0.1109869
-0.163912
0.271975
0.3080184
-0.1239727
0
0
0
0
-0.01776642
0.007779336
0
0
0
0
0.4683373
-0.1526536
0
0
0
0
0.04277629
0.4314952
0
0
0
0
0.04846865
0.05046493
0.3680505
-0.3279421
-0.1711294
-0.1396528
-0.033382
-0.4809065
-0.1218498
-0.4139639
-0.0026173
0.2465484
0.3925743
0.4131755
0.4201396
0.2213492
-0.3119413
-0.363578
-0.05176584
0.4002163
0.1079952
0.06800848
0.3318388
-0.4827633
-0.3385382
-0.3695542
0.175536
0.174454
-0.3234581
0.1109869
-0.163912
0.271975
0.3080184
-0.1239727
0
0
0
0
-0.01776642
0.007779336
0
0
0
0
0.4683373
-0.1526536
0
0
0
0
0.04277629
0.4314952
0
0
0
0
0.2777274
0.05046493
0.3680505
-0.3279421
-0.1711294
-0.1396528
-0.033382
-0.4809065
-0.1218498
-0.4139639
-0.0026173
0.2465484
0.3925743
0.4131755
0.4201396
0.2213492
-0.3119413
-0.363578
-0.05176584
0.4002163
0.1079952
0.06800848
0.3318388
-0.4827633
-0.3385382
-0.3695542
0.175536
0.174454
-0.3234581
0.1109869
-0.163912
0.271975
0.3080184
-0.1239727
0
0
0
0
-0.01776642
0.007779336
0
0
0
0
0.4683373
-0.1526536
0
0
0
0
0.04277629
0.4314952
0
0
0
0
0.2777274
0.05046493
0.3680505
-0.3279421
-0.1711294
-0.1396528
-0.033382
-0.4809065
-0.1218498
-0.4139639
-0.0026173
0.2465484
0.3925743
0.4131755
0.4201396
0.2213492
-0.3119413
-0.363578
-0.05176584
0.4002163
0.1079952
0.06800848
0.3318388
-0.4827633
-0.3385382
-0.3695542
0.175536
0.174454
-0.3234581
0.1109869
-0.163912
0.271975
0.3080184
-0.1239727
0
0
0
0
-0.01776642
0.007779336
0
0
0
0
0.4683373
-0.1526536
0
0
0
0
0.04277629
-0.09237128
0
0
0
0
0.04846865
0.05046493
0.3680505
-0.3279421
-0.1711294
-0.1396528
-0.033382
-0.4809065
-0.1218498
-0.4139639
-0.0026173
0.2465484
0.3925743
0.4131755
0.4201396
0.2213492
-0.3119413
-0.363578
-0.05176584
0.4002163
0.1079952
0.06800848
0.3318388
-0.4827633
-0.3385382
-0.3695542
0.175536
0.174454
-0.3234581
0.1109869
-0.163912
0.271975
