47
0.2204361
0.09378022
0
0
0
0
-0.007742752
-0.4664073
0
0
0
0
-0.4140099
0.1408068
0
0
0
0
0.4930487
-0.09642416
0
0
0
0
-0.2075315
-0.2528765
-0.463707
0.1114169
-0.257412
0.1970468
0.08252805
-0.450816
-0.4442879
-0.7503403
0.3515908
-0.1004147
-0.3131661
0.09316462
-0.06997119
-0.2587986
0.1083258
-0.4838308
0.1379123
-0.009917796
-0.2606316
0.3822355
0.01851721
-0.1195981
-0.194643
-0.3627183
0.2894269
-0.4496663
-0.2531239
0.1598029
-0.2378585
-0.19134
0.2204361
0.09378022
0
0
0
0
-0.007742752
-0.4664073
0
0
0
0
-0.4140099
0.1408068
0
0
0
0
0.4930487
-0.09642416
0
0
0
0
-0.2622727
-0.2528765
-0.463707
0.1114169
-0.257412
0.1970468
0.08252805
-0.450816
-0.4442879
-0.7503403
0.3515908
-0.1004147
-0.3131661
0.09316462
-0.06997119
-0.2587986
0.1083258
-0.4838308
0.1379123
-0.009917796
-0.2606316
0.3822355
0.01851721
-0.1195981
-0.194643
-0.3627183
0.2894269
-0.4496663
-0.2531239
0.1598029
-0.2378585
-0.19134
0.2204361
0.09378022
0
0
0
0
-0.007742752
-0.4664073
0
0
0
0
-0.4140099
0.1408068
0
0
0
0
0.4930487
-0.09642416
0
0
0
0
-0.2622727
-0.2528765
-0.463707
0.1114169
-0.257412
0.1970468
0.08252805
-0.450816
-0.4442879
-0.7503403
0.3515908
-0.1004147
-0.3131661
0.09316462
-0.06997119
-0.2587986
0.1083258
-0.4838308
0.1379123
-0.009917796
-0.2606316
0.3822355
0.01851721
-0.1195981
-0.194643
-0.3627183
0.2894269
-0.4496663
-0.2531239
0.1598029
-0.2378585
-0.19134
0.2204361
0.09378022
0
0
0
0
-0.007742752
-0.4664073
0
0
0
0
-0.4140099
0.1408068
0
0
0
0
0.4930487
-0.09642416
0
0
0
0
-0.2075315
-0.2528765
-0.463707
0.1114169
-0.257412
0.1970468
0.08252805
-0.450816
-0.4442879
-0.7503403
0.3515908
-0.1004147
-0.3131661
0.09316462
-0.06997119
-0.2587986
0.1083258
-0.4838308
0.1379123
-0.009917796
-0.2606316
0.3822355
0.01851721
-0.1195981
-0.194643
-0.3627183
0.2894269
-0.4496663
-0.2531239
0.1598029
-0.3107726
-0.19134
0.2204361
0.09378022
0
0
0
0
-0.1603164
-0.4664073
0
0
0
0
-0.4140099
0.1408068
0
0
0
0
0.4930487
-0.09642416
0
0
0
0
-0.07032694
-0.2528765
-0.463707
0.1114169
-0.217457
0.1970468
0.08252805
-0.450816
-0.4442879
-0.7503403
0.3515908
-0.03092619
-0.3131661
0.09316462
-0.06997119
-0.2587986
0.1083258
-0.4838308
0.1379123
-0.009917796
-0.2606316
0.3822355
0.01851721
-0.1195981
-0.194643
-0.3627183
0.2894269
-0.4496663
-0.2531239
0.1598029
-0.2378585
-0.19134
0.2204361
0.09378022
0
0
0
0
-0.1603164
-0.4664073
0
0
0
0
-0.4140099
0.1408068
0
0
0
0
0.4930487
-0.09642416
0
0
0
0
-0.2075315
-0.2528765
-0.463707
0.1114169
-0.257412
0.1970468
0.08252805
-0.450816
-0.4442879
-0.7503403
0.3515908
-0.1004147
-0.3131661
0.09316462
-0.06997119
-0.2587986
0.1083258
-0.4838308
-0.1379123
-0.009917796
-0.2606316
0.3822355
0.01851721
-0.1195981
-0.194643
-0.3627183
0.2894269
-0.4496663
-0.2531239
0.1598029
-0.2378585
-0.19134
0.2204361
0.09378022
0
0
0
0
-0.1603164
-0.4664073
0
0
0
0
-0.4140099
0.1408068
0
0
0
0
0.4930487
-0.09642416
0
0
0
0
-0.07032694
-0.2528765
-0.463707
0.1114169
-0.217457
0.1970468
0.08252805
-0.450816
-0.4442879
-0.7503403
0.3515908
-0.03092619
-0.3131661
0.09316462
-0.06997119
-0.2587986
0.1083258
-0.4838308
0.1379123
-0.009917796
-0.2606316
0.3822355
0.01851721
-0.1195981
-0.194643
-0.3627183
0.2894269
-0.4496663
-0.2531239
0.1598029
-0.2378585
-0.19134
0.2204361
0.09378022
0
0
0
0
-0.1603164
-0.4664073
0
0
0
0
-0.4140099
0.1408068
0
0
0
0
0.4930487
-0.09642416
0
0
0
0
-0.2075315
-0.2528765
-0.463707
0.1114169
-0.257412
0.1970468
0.08252805
-0.450816
-0.4442879
-0.7503403
0.3515908
-0.1004147
-0.3131661
0.09316462
-0.06997119
-0.2587986
0.1083258
-0.4838308
0.1379123
-0.009917796
-0.2606316
0.3822355
0.01851721
-0.1195981
-0.194643
-0.3627183
0.2894269
-0.4496663
-0.2531239
0.1598029
-0.2378585
-0.19134
0.2204361
0.09378022
0
0
0
0
-0.1603164
-0.4664073
0
0
0
0
-0.4140099
0.1408068
0
0
0
0
0.4930487
-0.09642416
0
0
0
0
-0.07032694
-0.2528765
-0.463707
0.1114169
-0.217457
0.1970468
0.08252805
-0.450816
-0.4442879
-0.7503403
0.3515908
-0.03092619
-0.3131661
0.09316462
-0.06997119
-0.2587986
0.1083258
-0.4838308
0.1379123
-0.009917796
-0.2606316
0.3822355
0.1493353
-0.1195981
-0.194643
-0.3627183
0.2894269
-0.4496663
-0.2531239
0.1598029
-0.2378585
-0.19134
0.2204361
0.09378022
0
0
0
0
-0.1603164
-0.4664073
0
0
0
0
-0.4140099
0.1408068
0
0
0
0
0.4930487
-0.09642416
0
0
0
0
-0.07032694
-0.2528765
-0.463707
0.1114169
-0.217457
0.1970468
0.08252805
-0.450816
-0.4442879
-0.7503403
0.3515908
-0.03092619
-0.3131661
0.09316462
-0.06997119
-0.2587986
0.1083258
-0.4838308
0.1379123
-0.009917796
-0.2606316
0.3822355
0.01851721
-0.1195981
-0.194643
-0.3627183
0.2894269
-0.4496663
-0.2531239
0.1598029
-0.2378585
-0.19134
0.2204361
0.09378022
0
0
0
0
-0.1603164
-0.4664073
0
0
0
0
-0.4140099
0.1408068
0
0
0
0
0.4930487
-0.09642416
0
0
0
0
-0.07032694
-0.2528765
-0.463707
0.1114169
-0.217457
0.1970468
0.08252805
-0.450816
-0.4442879
-0.7503403
0.3515908
-0.03092619
-0.3131661
0.09316462
-0.06997119
-0.2587986
0.1083258
-0.4838308
0.1379123
-0.009917796
-0.2606316
0.3822355
0.01851721
-0.1195981
-0.194643
-0.3627183
0.2894269
-0.4496663
-0.2531239
0.1598029
-0.2378585
-0.19134
0.2204361
0.09378022
0
0
0
0
-0.1603164
-0.4664073
0
0
0
0
-0.4140099
0.1408068
0
0
0
0
0.4930487
-0.09642416
0
0
0
0
-0.07032694
-0.2528765
-0.463707
0.1114169
-0.217457
0.1970468
0.08252805
-0.450816
-0.4442879
-0.7503403
0.3515908
-0.03092619
-0.3131661
0.09316462
-0.06997119
-0.2587986
0.1083258
-0.4838308
0.1379123
-0.009917796
-0.2606316
0.3822355
0.01851721
-0.1195981
-0.194643
-0.3627183
0.2894269
-0.4496663
-0.2531239
0.1598029
-0.2378585
-0.19134
0.2204361
0.09378022
0
0
0
0
-0.1603164
-0.4664073
0
0
0
0
-0.4140099
0.1408068
0
0
0
0
0.4930487
-0.09642416
0
0
0
0
-0.07032694
-0.2528765
-0.463707
0.1114169
-0.217457
0.1970468
0.08252805
-0.450816
-0.4442879
-0.7503403
0.3515908
-0.03092619
-0.3131661
0.09316462
-0.06997119
-0.2587986
0.1083258
-0.4838308
0.1379123
-0.009917796
-0.2606316
0.3822355
0.01851721
-0.1195981
-0.194643
-0.3627183
0.2894269
-0.4496663
-0.2531239
0.1598029
-0.2378585
-0.19134
0.2204361
0.09378022
0
0
0
0
-0.1603164
-0.4664073
0
0
0
0
-0.4140099
0.1408068
0
0
0
0
0.4930487
-0.09642416
0
0
0
0
-0.07032694
-0.2528765
-0.463707
0.1114169
-0.217457
0.1970468
0.08252805
-0.450816
-0.4442879
-0.7503403
0.3515908
-0.03092619
-0.3131661
0.09316462
-0.06997119
-0.2587986
-0.1083258
-0.4838308
0.1379123
-0.009917796
-0.2606316
0.3822355
0.01851721
-0.1195981
-0.194643
-0.3627183
0.2894269
-0.4496663
-0.2531239
0.1598029
-0.2378585
-0.19134
0.2204361
0.09378022
0
0
0
0
-0.1603164
-0.4664073
0
0
0
0
-0.4140099
0.1408068
0
0
0
0
0.4930487
-0.09642416
0
0
0
0
-0.07032694
-0.2528765
-0.463707
0.1114169
-0.217457
0.1970468
0.08252805
-0.450816
-0.4442879
-0.7503403
0.3515908
-0.03092619
-0.3131661
0.09316462
-0.06997119
-0.2587986
0.1083258
-0.4838308
0.1379123
-0.009917796
-0.2606316
0.3822355
0.01851721
-0.1195981
-0.194643
-0.3627183
0.2894269
-0.4496663
-0.2531239
0.1598029
-0.2378585
-0.19134
0.2204361
0.09378022
0
0
0
0
-0.1603164
-0.4664073
0
0
0
0
-0.4140099
0.1408068
0
0
0
0
0.4930487
-0.09642416
0
0
0
0
-0.07032694
-0.2528765
-0.463707
0.1114169
0.217457
0.1970468
0.3278167
-0.450816
-0.4442879
-0.7503403
0.3515908
-0.03092619
-0.3131661
0.09316462
-0.06997119
-0.2587986
0.1083258
-0.4838308
0.1379123
-0.009917796
-0.2606316
0.3822355
0.01851721
-0.1195981
-0.194643
-0.3627183
0.2894269
-0.4496663
-0.2531239
0.1598029
-0.2378585
-0.19134
0.2204361
0.09378022
0
0
0
0
-0.1603164
-0.4664073
0
0
0
0
-0.4140099
0.1408068
0
0
0
0
0.4930487
-0.09642416
0
0
0
0
-0.07032694
-0.2528765
-0.463707
0.1114169
-0.217457
0.1970468
0.08252805
-0.450816
-0.4442879
-0.7503403
0.3515908
-0.03092619
-0.3131661
0.09316462
-0.06997119
-0.2587986
0.1083258
-0.4838308
0.1379123
-0.009917796
-0.2606316
0.3822355
0.01851721
-0.1195981
-0.194643
-0.3627183
0.2894269
-0.4496663
-0.2531239
0.1598029
-0.2378585
-0.19134
0.2204361
0.09378022
0
0
0
0
-0.1603164
-0.4664073
0
0
0
0
-0.4140099
0.1408068
0
0
0
0
0.4930487
-0.09642416
0
0
0
0
-0.07032694
-0.2528765
-0.463707
0.1114169
-0.217457
0.1970468
0.08252805
-0.450816
-0.4442879
-0.7503403
0.3515908
-0.03092619
-0.3131661
0.09316462
-0.06997119
-0.2587986
0.1083258
-0.4838308
0.1379123
-0.009917796
-0.2606316
0.3822355
0.01851721
-0.1195981
-0.194643
-0.3627183
0.2894269
-0.4496663
-0.2531239
0.1598029
-0.2378585
-0.19134
0.2204361
0.09378022
0
0
0
0
-0.1603164
-0.4664073
0
0
0
0
-0.4140099
0.1408068
0
0
0
0
0.4930487
-0.09642416
0
0
0
0
-0.07032694
-0.2528765
-0.463707
0.1114169
-0.217457
0.1970468
0.08252805
-0.450816
-0.4442879
-0.7503403
0.3515908
-0.03092619
-0.3131661
0.09316462
-0.06997119
-0.2587986
0.1083258
-0.4838308
0.1379123
-0.009917796
-0.2606316
0.3822355
0.01851721
-0.1195981
-0.194643
-0.3627183
0.2894269
-0.4496663
-0.2531239
0.1598029
-0.2378585
-0.19134
0.2204361
0.09378022
0
0
0
0
-0.1603164
-0.4664073
0
0
0
0
-0.4140099
0.1408068
0
0
0
0
0.4930487
-0.09642416
0
0
0
0
-0.07032694
-0.2528765
-0.463707
0.1114169
-0.217457
0.1970468
0.08252805
-0.450816
-0.4442879
-0.7503403
0.3515908
-0.03092619
-0.3131661
0.09316462
-0.06997119
-0.2587986
0.1083258
-0.4838308
0.1379123
-0.009917796
-0.2606316
0.3822355
0.01851721
-0.1195981
-0.194643
-0.3627183
0.2894269
-0.4496663
-0.2531239
0.1598029
-0.2378585
-0.19134
